Ta metal p-polarized reflection 12062006
RTmethod[PolRT=-0.08, RevsRT=40, WVASE=3.616, HardVer=17.034, Wed Dec 06 16:06:30 2006]
Original[ta_metal_p_ref_12062006.dat]
nm
pR	245.732520	65.000000	0.119664	0.0123933
pR	247.331348	65.000000	0.119358	0.0123872
pR	248.930176	65.000000	0.120045	0.0124009
pR	250.529053	65.000000	0.12	0.0124
pR	252.127954	65.000000	0.121179	0.0124236
pR	253.726855	65.000000	0.120542	0.0124108
pR	255.325781	65.000000	0.121562	0.0124312
pR	256.924731	65.000000	0.123519	0.0124704
pR	258.523706	65.000000	0.123909	0.0124782
pR	260.122681	65.000000	0.125055	0.0125011
pR	261.721680	65.000000	0.125727	0.0125145
pR	263.320703	65.000000	0.126765	0.0125353
pR	264.919751	65.000000	0.127977	0.0125595
pR	266.518799	65.000000	0.129867	0.0125973
pR	268.117871	65.000000	0.130196	0.0126039
pR	269.716968	65.000000	0.132691	0.0126538
pR	271.316089	65.000000	0.13305	0.012661
pR	272.915210	65.000000	0.133226	0.0126645
pR	274.514331	65.000000	0.135082	0.0127016
pR	276.113501	65.000000	0.135383	0.0127077
pR	277.712646	65.000000	0.138851	0.012777
pR	279.311841	65.000000	0.138214	0.0127643
pR	280.911035	65.000000	0.139252	0.012785
pR	282.510254	65.000000	0.141573	0.0128315
pR	284.109473	65.000000	0.143247	0.0128649
pR	285.708716	65.000000	0.144831	0.0128966
pR	287.307959	65.000000	0.146606	0.0129321
pR	288.907202	65.000000	0.147393	0.0129479
pR	290.506494	65.000000	0.149416	0.0129883
pR	292.105762	65.000000	0.149814	0.0129963
pR	293.705078	65.000000	0.149872	0.0129974
pR	295.304370	65.000000	0.152418	0.0130483
pR	296.903687	65.000000	0.153763	0.0130753
pR	298.503027	65.000000	0.154527	0.0130905
pR	300.102368	65.000000	0.155415	0.0131083
pR	301.701709	65.000000	0.158033	0.0131607
pR	303.301074	65.000000	0.158381	0.0131676
pR	304.900439	65.000000	0.158957	0.0131791
pR	306.499805	65.000000	0.160251	0.013205
pR	308.099194	65.000000	0.161635	0.0132327
pR	309.698584	65.000000	0.16254	0.0132508
pR	311.297998	65.000000	0.162641	0.0132528
pR	312.897388	65.000000	0.163084	0.0132617
pR	314.496802	65.000000	0.165204	0.0133041
pR	316.096216	65.000000	0.166955	0.0133391
pR	317.695654	65.000000	0.167161	0.0133432
pR	319.295093	65.000000	0.167056	0.0133411
pR	320.894531	65.000000	0.16973	0.0133946
pR	322.493970	65.000000	0.16994	0.0133988
pR	324.093408	65.000000	0.171178	0.0134236
pR	325.692871	65.000000	0.170657	0.0134131
pR	327.292334	65.000000	0.172404	0.0134481
pR	328.891797	65.000000	0.175217	0.0135043
pR	330.491260	65.000000	0.174877	0.0134975
pR	332.090723	65.000000	0.175474	0.0135095
pR	333.690186	65.000000	0.175304	0.0135061
pR	335.289673	65.000000	0.177903	0.0135581
pR	336.889136	65.000000	0.177807	0.0135561
pR	338.488623	65.000000	0.17772	0.0135544
pR	340.088110	65.000000	0.180165	0.0136033
pR	341.687573	65.000000	0.179854	0.0135971
pR	343.287061	65.000000	0.181574	0.0136315
pR	344.886548	65.000000	0.180257	0.0136051
pR	346.486035	65.000000	0.181584	0.0136317
pR	348.085522	65.000000	0.183723	0.0136745
pR	349.684985	65.000000	0.185194	0.0137039
pR	351.284473	65.000000	0.183544	0.0136709
pR	352.883960	65.000000	0.185736	0.0137147
pR	354.483423	65.000000	0.186958	0.0137392
pR	356.082910	65.000000	0.186269	0.0137254
pR	357.682373	65.000000	0.186609	0.0137322
pR	359.281860	65.000000	0.186915	0.0137383
pR	360.881323	65.000000	0.188922	0.0137784
pR	362.480786	65.000000	0.189978	0.0137996
pR	364.080249	65.000000	0.190723	0.0138145
pR	365.679712	65.000000	0.190398	0.013808
pR	367.279175	65.000000	0.193513	0.0138703
pR	368.878613	65.000000	0.191731	0.0138346
pR	370.478052	65.000000	0.1925	0.01385
pR	372.077490	65.000000	0.194317	0.0138863
pR	373.676929	65.000000	0.19379	0.0138758
pR	375.276367	65.000000	0.195466	0.0139093
pR	376.875781	65.000000	0.19403	0.0138806
pR	378.475195	65.000000	0.194463	0.0138893
pR	380.074609	65.000000	0.197063	0.0139413
pR	381.673999	65.000000	0.196882	0.0139376
pR	383.273389	65.000000	0.197696	0.0139539
pR	384.872778	65.000000	0.19861	0.0139722
pR	386.472168	65.000000	0.199353	0.0139871
pR	388.071533	65.000000	0.198091	0.0139618
pR	389.670898	65.000000	0.199365	0.0139873
pR	391.270239	65.000000	0.201326	0.0140265
pR	392.869580	65.000000	0.201104	0.0140221
pR	394.468921	65.000000	0.202084	0.0140417
pR	396.068237	65.000000	0.202814	0.0140563
pR	397.667554	65.000000	0.203925	0.0140785
pR	399.266846	65.000000	0.204603	0.0140921
pR	400.866138	65.000000	0.204478	0.0140896
pR	402.465405	65.000000	0.204174	0.0140835
pR	404.064673	65.000000	0.206541	0.0141308
pR	405.663916	65.000000	0.206786	0.0141357
pR	407.263159	65.000000	0.207433	0.0141487
pR	408.862378	65.000000	0.207979	0.0141596
pR	410.461572	65.000000	0.207849	0.014157
pR	412.060791	65.000000	0.210023	0.0142005
pR	413.659961	65.000000	0.209574	0.0141915
pR	415.259131	65.000000	0.211254	0.0142251
pR	416.858301	65.000000	0.211323	0.0142265
pR	418.457422	65.000000	0.212381	0.0142476
pR	420.056592	65.000000	0.213328	0.0142666
pR	421.655664	65.000000	0.213971	0.0142794
pR	423.254785	65.000000	0.215265	0.0143053
pR	424.853857	65.000000	0.215782	0.0143156
pR	426.452930	65.000000	0.217624	0.0143525
pR	428.051953	65.000000	0.217087	0.0143417
pR	429.650977	65.000000	0.21754	0.0143508
pR	431.250000	65.000000	0.218158	0.0143632
pR	432.848975	65.000000	0.218939	0.0143788
pR	434.447949	65.000000	0.219737	0.0143947
pR	436.046924	65.000000	0.221195	0.0144239
pR	437.645850	65.000000	0.221855	0.0144371
pR	439.244727	65.000000	0.22192	0.0144384
pR	440.843652	65.000000	0.223165	0.0144633
pR	442.442529	65.000000	0.223628	0.0144726
pR	444.041357	65.000000	0.224652	0.014493
pR	445.640186	65.000000	0.225695	0.0145139
pR	447.239014	65.000000	0.226025	0.0145205
pR	448.837793	65.000000	0.227219	0.0145444
pR	450.436572	65.000000	0.227595	0.0145519
pR	452.035303	65.000000	0.228775	0.0145755
pR	453.634033	65.000000	0.228922	0.0145784
pR	455.232715	65.000000	0.230637	0.0146127
pR	456.831396	65.000000	0.230493	0.0146099
pR	458.430078	65.000000	0.230314	0.0146063
pR	460.028711	65.000000	0.232212	0.0146442
pR	461.627295	65.000000	0.23344	0.0146688
pR	463.225879	65.000000	0.23446	0.0146892
pR	464.824463	65.000000	0.234742	0.0146948
pR	466.422949	65.000000	0.235487	0.0147097
pR	468.021484	65.000000	0.235843	0.0147169
pR	469.619971	65.000000	0.237012	0.0147402
pR	471.218408	65.000000	0.237796	0.0147559
pR	472.816846	65.000000	0.238376	0.0147675
pR	474.415234	65.000000	0.239787	0.0147957
pR	476.013623	65.000000	0.240383	0.0148077
pR	477.611963	65.000000	0.240818	0.0148164
pR	479.210254	65.000000	0.24146	0.0148292
pR	480.808545	65.000000	0.242449	0.014849
pR	482.406836	65.000000	0.242642	0.0148528
pR	484.005029	65.000000	0.243838	0.0148768
pR	485.603271	65.000000	0.244742	0.0148948
pR	487.201416	65.000000	0.244494	0.0148899
pR	488.799561	65.000000	0.245825	0.0149165
pR	490.397656	65.000000	0.245977	0.0149195
pR	491.995752	65.000000	0.246868	0.0149374
pR	493.593799	65.000000	0.247631	0.0149526
pR	495.191846	65.000000	0.248631	0.0149726
pR	496.789795	65.000000	0.248306	0.0149661
pR	498.387744	65.000000	0.249114	0.0149823
pR	499.985693	65.000000	0.250449	0.015009
pR	501.583594	65.000000	0.251323	0.0150265
pR	503.181445	65.000000	0.251709	0.0150342
pR	504.779248	65.000000	0.252159	0.0150432
pR	506.377051	65.000000	0.253012	0.0150602
pR	507.974805	65.000000	0.252931	0.0150586
pR	509.572510	65.000000	0.254267	0.0150853
pR	511.170215	65.000000	0.255049	0.015101
pR	512.767871	65.000000	0.255603	0.0151121
pR	514.365479	65.000000	0.256177	0.0151235
pR	515.963037	65.000000	0.256838	0.0151368
pR	517.560596	65.000000	0.257636	0.0151527
pR	519.158105	65.000000	0.257883	0.0151577
pR	520.755566	65.000000	0.25863	0.0151726
pR	522.353027	65.000000	0.259088	0.0151818
pR	523.950391	65.000000	0.259875	0.0151975
pR	525.547754	65.000000	0.259966	0.0151993
pR	527.145068	65.000000	0.260632	0.0152126
pR	528.742383	65.000000	0.261572	0.0152314
pR	530.339600	65.000000	0.261827	0.0152365
pR	531.936816	65.000000	0.262768	0.0152554
pR	533.533984	65.000000	0.26297	0.0152594
pR	535.131104	65.000000	0.263524	0.0152705
pR	536.728174	65.000000	0.263849	0.015277
pR	538.325244	65.000000	0.264288	0.0152858
pR	539.922266	65.000000	0.265756	0.0153151
pR	541.519189	65.000000	0.265436	0.0153087
pR	543.116113	65.000000	0.265947	0.0153189
pR	544.712988	65.000000	0.266543	0.0153309
pR	546.309863	65.000000	0.266734	0.0153347
pR	547.906641	65.000000	0.267297	0.0153459
pR	549.503369	65.000000	0.267296	0.0153459
pR	551.100098	65.000000	0.268612	0.0153722
pR	552.696777	65.000000	0.268602	0.015372
pR	554.293359	65.000000	0.268946	0.0153789
pR	555.889941	65.000000	0.269286	0.0153857
pR	557.486475	65.000000	0.270317	0.0154063
pR	559.082959	65.000000	0.270346	0.0154069
pR	560.679395	65.000000	0.271013	0.0154203
pR	562.275830	65.000000	0.271252	0.015425
pR	563.872168	65.000000	0.272005	0.0154401
pR	565.468457	65.000000	0.272614	0.0154523
pR	567.064697	65.000000	0.272669	0.0154534
pR	568.660938	65.000000	0.273347	0.0154669
pR	570.257080	65.000000	0.273681	0.0154736
pR	571.853223	65.000000	0.274368	0.0154874
pR	573.449268	65.000000	0.274423	0.0154885
pR	575.045313	65.000000	0.274725	0.0154945
pR	576.641260	65.000000	0.275191	0.0155038
pR	578.237207	65.000000	0.275753	0.0155151
pR	579.833057	65.000000	0.2756	0.015512
pR	581.428857	65.000000	0.275587	0.0155117
pR	583.024658	65.000000	0.276425	0.0155285
pR	584.620361	65.000000	0.276974	0.0155395
pR	586.216064	65.000000	0.277292	0.0155458
pR	587.811670	65.000000	0.277324	0.0155465
pR	589.407227	65.000000	0.277222	0.0155444
pR	591.002734	65.000000	0.277633	0.0155527
pR	592.598193	65.000000	0.277769	0.0155554
pR	594.193604	65.000000	0.278708	0.0155742
pR	595.788965	65.000000	0.27904	0.0155808
pR	597.384277	65.000000	0.278906	0.0155781
pR	598.979541	65.000000	0.279393	0.0155878
pR	600.574756	65.000000	0.28012	0.0156024
pR	602.169873	65.000000	0.280267	0.0156053
pR	603.764990	65.000000	0.280762	0.0156152
pR	605.360010	65.000000	0.281245	0.0156249
pR	606.954980	65.000000	0.281206	0.0156241
pR	608.549902	65.000000	0.28123	0.0156246
pR	610.144775	65.000000	0.281536	0.0156307
pR	611.739600	65.000000	0.2824	0.015648
pR	613.334375	65.000000	0.283401	0.015668
pR	614.929053	65.000000	0.283279	0.0156656
pR	616.523730	65.000000	0.282805	0.0156561
pR	618.118311	65.000000	0.282206	0.0156441
pR	619.712842	65.000000	0.283175	0.0156635
pR	621.307275	65.000000	0.283705	0.0156741
pR	622.901709	65.000000	0.284548	0.015691
pR	624.496045	65.000000	0.284764	0.0156953
pR	626.090381	65.000000	0.284395	0.0156879
pR	627.684570	65.000000	0.284181	0.0156836
pR	629.278760	65.000000	0.284774	0.0156955
pR	630.872900	65.000000	0.286073	0.0157215
pR	632.466943	65.000000	0.286435	0.0157287
pR	634.060938	65.000000	0.286607	0.0157321
pR	635.654883	65.000000	0.28678	0.0157356
pR	637.248730	65.000000	0.287253	0.0157451
pR	638.842529	65.000000	0.286647	0.0157329
pR	640.436279	65.000000	0.287495	0.0157499
pR	642.029980	65.000000	0.287498	0.01575
pR	643.623584	65.000000	0.287446	0.0157489
pR	645.217139	65.000000	0.28814	0.0157628
pR	646.810645	65.000000	0.288517	0.0157703
pR	648.404053	65.000000	0.288481	0.0157696
pR	649.997412	65.000000	0.289322	0.0157864
pR	651.590723	65.000000	0.289715	0.0157943
pR	653.183984	65.000000	0.290187	0.0158037
pR	654.777148	65.000000	0.290249	0.015805
pR	656.370264	65.000000	0.291183	0.0158237
pR	657.963281	65.000000	0.290316	0.0158063
pR	659.556250	65.000000	0.290697	0.0158139
pR	661.149170	65.000000	0.291382	0.0158276
pR	662.741992	65.000000	0.29131	0.0158262
pR	664.334766	65.000000	0.29278	0.0158556
pR	665.927490	65.000000	0.292437	0.0158487
pR	667.520117	65.000000	0.292535	0.0158507
pR	669.112695	65.000000	0.292302	0.015846
pR	670.705176	65.000000	0.292709	0.0158542
pR	672.297607	65.000000	0.293435	0.0158687
pR	673.889990	65.000000	0.292853	0.0158571
pR	675.482275	65.000000	0.293655	0.0158731
pR	677.074512	65.000000	0.294001	0.01588
pR	678.666650	65.000000	0.294436	0.0158887
pR	680.258740	65.000000	0.293807	0.0158761
pR	681.850732	65.000000	0.293799	0.015876
pR	683.442676	65.000000	0.29458	0.0158916
pR	685.034521	65.000000	0.295364	0.0159073
pR	686.626318	65.000000	0.295956	0.0159191
pR	688.218066	65.000000	0.296541	0.0159308
pR	689.809717	65.000000	0.296521	0.0159304
pR	691.401270	65.000000	0.296651	0.015933
pR	692.992773	65.000000	0.29703	0.0159406
pR	694.584229	65.000000	0.297001	0.01594
pR	696.175586	65.000000	0.297471	0.0159494
pR	697.766846	65.000000	0.298439	0.0159688
pR	699.358057	65.000000	0.298345	0.0159669
pR	700.949170	65.000000	0.298746	0.0159749
pR	702.540234	65.000000	0.298626	0.0159725
pR	704.131201	65.000000	0.299105	0.0159821
pR	705.722119	65.000000	0.298877	0.0159775
pR	707.312939	65.000000	0.299164	0.0159833
pR	708.903711	65.000000	0.299398	0.015988
pR	710.494385	65.000000	0.299801	0.015996
pR	712.084961	65.000000	0.300381	0.0160076
pR	713.675488	65.000000	0.300178	0.0160036
pR	715.265918	65.000000	0.301517	0.0160303
pR	716.856299	65.000000	0.301875	0.0160375
pR	718.446582	65.000000	0.301597	0.0160319
pR	720.036768	65.000000	0.302021	0.0160404
pR	721.626904	65.000000	0.302058	0.0160412
pR	723.216943	65.000000	0.302237	0.0160447
pR	724.806885	65.000000	0.302571	0.0160514
pR	726.396777	65.000000	0.303155	0.0160631
pR	727.986572	65.000000	0.302676	0.0160535
pR	729.576318	65.000000	0.302474	0.0160495
pR	731.165967	65.000000	0.302124	0.0160425
pR	732.755518	65.000000	0.303789	0.0160758
pR	734.344971	65.000000	0.304371	0.0160874
pR	735.934375	65.000000	0.304917	0.0160983
pR	737.523682	65.000000	0.30484	0.0160968
pR	739.112891	65.000000	0.304954	0.0160991
pR	740.702051	65.000000	0.304581	0.0160916
pR	742.291113	65.000000	0.305593	0.0161119
pR	743.880078	65.000000	0.303988	0.0160798
pR	745.468994	65.000000	0.304265	0.0160853
pR	747.057764	65.000000	0.304985	0.0160997
pR	748.646484	65.000000	0.306702	0.016134
pR	750.235156	65.000000	0.306355	0.0161271
pR	751.823682	65.000000	0.306591	0.0161318
pR	753.412158	65.000000	0.307176	0.0161435
pR	755.000537	65.000000	0.30623	0.0161246
pR	756.588818	65.000000	0.306117	0.0161223
pR	758.177002	65.000000	0.307184	0.0161437
pR	759.765137	65.000000	0.308497	0.0161699
pR	761.353125	65.000000	0.30903	0.0161806
pR	762.941064	65.000000	0.307738	0.0161548
pR	764.528906	65.000000	0.309995	0.0161999
pR	766.116699	65.000000	0.311792	0.0162358
pR	767.704346	65.000000	0.309515	0.0161903
pR	769.291943	65.000000	0.309684	0.0161937
pR	770.879443	65.000000	0.309396	0.0161879
pR	772.466846	65.000000	0.311409	0.0162282
pR	774.054150	65.000000	0.310804	0.0162161
pR	775.641357	65.000000	0.311861	0.0162372
pR	777.228467	65.000000	0.3118	0.016236
pR	778.815527	65.000000	0.312456	0.0162491
pR	780.402441	65.000000	0.311235	0.0162247
pR	781.989307	65.000000	0.311459	0.0162292
pR	783.576074	65.000000	0.313864	0.0162773
pR	785.162744	65.000000	0.313645	0.0162729
pR	786.749316	65.000000	0.312986	0.0162597
pR	788.335791	65.000000	0.312362	0.0162472
pR	789.922168	65.000000	0.312482	0.0162496
pR	791.508447	65.000000	0.312862	0.0162572
pR	793.094629	65.000000	0.31414	0.0162828
pR	794.680762	65.000000	0.314189	0.0162838
pR	796.266748	65.000000	0.313092	0.0162618
pR	797.852637	65.000000	0.314897	0.0162979
pR	799.438477	65.000000	0.315232	0.0163046
pR	801.024170	65.000000	0.315299	0.016306
pR	802.609814	65.000000	0.313782	0.0162756
pR	804.195313	65.000000	0.31548	0.0163096
pR	805.780762	65.000000	0.317694	0.0163539
pR	807.366064	65.000000	0.317334	0.0163467
pR	808.951318	65.000000	0.316237	0.0163247
pR	810.536426	65.000000	0.31651	0.0163302
pR	812.121484	65.000000	0.317162	0.0163432
pR	813.706396	65.000000	0.316275	0.0163255
pR	815.291211	65.000000	0.318946	0.0163789
pR	816.875977	65.000000	0.318284	0.0163657
pR	818.460596	65.000000	0.31756	0.0163512
pR	820.045117	65.000000	0.317238	0.0163448
pR	821.629590	65.000000	0.31796	0.0163592
pR	823.213867	65.000000	0.319874	0.0163975
pR	824.798145	65.000000	0.318764	0.0163753
pR	826.382227	65.000000	0.319468	0.0163894
pR	827.966211	65.000000	0.31892	0.0163784
pR	829.550195	65.000000	0.320152	0.016403
pR	831.133984	65.000000	0.320051	0.016401
pR	832.717676	65.000000	0.319242	0.0163848
pR	834.301270	65.000000	0.320414	0.0164083
pR	835.884863	65.000000	0.320867	0.0164173
pR	837.468262	65.000000	0.321645	0.0164329
pR	839.051563	65.000000	0.321147	0.0164229
pR	840.634668	65.000000	0.322732	0.0164546
pR	842.217773	65.000000	0.322944	0.0164589
pR	843.800781	65.000000	0.323621	0.0164724
pR	845.383691	65.000000	0.323087	0.0164617
pR	846.966406	65.000000	0.322353	0.0164471
pR	848.549121	65.000000	0.322297	0.0164459
pR	850.131641	65.000000	0.323158	0.0164632
pR	851.714063	65.000000	0.323271	0.0164654
pR	853.296484	65.000000	0.323943	0.0164789
pR	854.878711	65.000000	0.324999	0.0165
pR	856.460840	65.000000	0.325948	0.016519
pR	858.042773	65.000000	0.324018	0.0164804
pR	859.624707	65.000000	0.324234	0.0164847
pR	861.206543	65.000000	0.324481	0.0164896
pR	862.788184	65.000000	0.325384	0.0165077
pR	864.369824	65.000000	0.324767	0.0164953
pR	865.951270	65.000000	0.325957	0.0165191
pR	867.532617	65.000000	0.325512	0.0165102
pR	869.113867	65.000000	0.324483	0.0164897
pR	870.695020	65.000000	0.325252	0.016505
pR	872.275977	65.000000	0.326118	0.0165223
pR	873.856934	65.000000	0.327303	0.0165461
pR	875.437695	65.000000	0.326478	0.0165296
pR	877.018359	65.000000	0.326235	0.0165247
pR	878.599023	65.000000	0.326026	0.0165205
pR	880.179395	65.000000	0.327911	0.0165582
pR	881.759766	65.000000	0.326898	0.016538
pR	883.340039	65.000000	0.329697	0.0165939
pR	884.920117	65.000000	0.328432	0.0165686
pR	886.500098	65.000000	0.329938	0.0165988
pR	888.079980	65.000000	0.330417	0.0166083
pR	889.659766	65.000000	0.330919	0.0166184
pR	891.239453	65.000000	0.329918	0.0165984
pR	892.818945	65.000000	0.328992	0.0165798
pR	894.398438	65.000000	0.329481	0.0165896
pR	895.977734	65.000000	0.330938	0.0166188
pR	897.556934	65.000000	0.33215	0.016643
pR	899.135938	65.000000	0.332152	0.016643
pR	900.714941	65.000000	0.331651	0.016633
pR	902.293750	65.000000	0.330114	0.0166023
pR	903.872461	65.000000	0.331112	0.0166222
pR	905.451074	65.000000	0.329595	0.0165919
pR	907.029590	65.000000	0.331759	0.0166352
pR	908.607910	65.000000	0.331392	0.0166278
pR	910.186133	65.000000	0.332356	0.0166471
pR	911.764258	65.000000	0.331448	0.016629
pR	913.342285	65.000000	0.332705	0.0166541
pR	914.920117	65.000000	0.334304	0.0166861
pR	916.497852	65.000000	0.333664	0.0166733
pR	918.075488	65.000000	0.333478	0.0166696
pR	919.653027	65.000000	0.332134	0.0166427
pR	921.230469	65.000000	0.335028	0.0167006
pR	922.807715	65.000000	0.335214	0.0167043
pR	924.384863	65.000000	0.336065	0.0167213
pR	925.961914	65.000000	0.334811	0.0166962
pR	927.538770	65.000000	0.335886	0.0167177
pR	929.115527	65.000000	0.338071	0.0167614
pR	930.692188	65.000000	0.338491	0.0167698
pR	932.268750	65.000000	0.339529	0.0167906
pR	933.845117	65.000000	0.338073	0.0167615
pR	935.421387	65.000000	0.340439	0.0168088
pR	936.997559	65.000000	0.337502	0.01675
pR	938.573535	65.000000	0.339091	0.0167818
pR	940.149414	65.000000	0.34107	0.0168214
pR	941.725195	65.000000	0.338329	0.0167666
pR	943.300879	65.000000	0.339789	0.0167958
pR	944.876367	65.000000	0.339493	0.0167899
pR	946.451758	65.000000	0.338904	0.0167781
pR	948.027051	65.000000	0.339538	0.0167908
pR	949.602148	65.000000	0.344134	0.0168827
pR	951.177148	65.000000	0.342443	0.0168489
pR	952.752051	65.000000	0.344028	0.0168806
pR	954.326758	65.000000	0.344032	0.0168806
pR	955.901367	65.000000	0.341639	0.0168328
pR	957.475879	65.000000	0.342191	0.0168438
pR	959.050195	65.000000	0.339955	0.0167991
pR	960.624512	65.000000	0.344066	0.0168813
pR	962.198535	65.000000	0.343473	0.0168694
pR	963.772559	65.000000	0.342793	0.0168559
pR	965.346387	65.000000	0.342761	0.0168552
pR	966.920020	65.000000	0.3451	0.016902
pR	968.493652	65.000000	0.344443	0.0168889
pR	970.066992	65.000000	0.340834	0.0168167
pR	971.640332	65.000000	0.346032	0.0169206
pR	973.213477	65.000000	0.344443	0.0168889
pR	974.786523	65.000000	0.347059	0.0169412
pR	976.359473	65.000000	0.34647	0.0169294
pR	977.932227	65.000000	0.346257	0.0169251
pR	979.504785	65.000000	0.34453	0.0168906
pR	981.077344	65.000000	0.345022	0.0169004
pR	982.649707	65.000000	0.347388	0.0169478
pR	984.221875	65.000000	0.3467	0.016934
pR	985.793945	65.000000	0.347943	0.0169589
pR	987.365918	65.000000	0.346965	0.0169393
pR	988.937793	65.000000	0.347655	0.0169531
pR	990.509375	65.000000	0.347218	0.0169444
pR	992.080957	65.000000	0.349917	0.0169983
pR	993.652344	65.000000	0.346239	0.0169248
pR	995.223633	65.000000	0.349283	0.0169857
pR	996.794727	65.000000	0.352661	0.0170532
pR	998.365723	65.000000	0.348053	0.016961
pR	999.936523	65.000000	0.352884	0.0170577
pR	1012.422852	65.000000	0.347055	0.0169411
pR	1015.876367	65.000000	0.348131	0.0169626
pR	1019.329297	65.000000	0.348201	0.016964
pR	1022.781836	65.000000	0.346486	0.0169297
pR	1026.233691	65.000000	0.346805	0.0169361
pR	1029.685059	65.000000	0.347946	0.0169589
pR	1033.135938	65.000000	0.349897	0.0169979
pR	1036.586230	65.000000	0.349291	0.0169858
pR	1040.036035	65.000000	0.35155	0.017031
pR	1043.485352	65.000000	0.352404	0.0170481
pR	1046.934082	65.000000	0.353152	0.017063
pR	1050.382324	65.000000	0.35032	0.0170064
pR	1053.830078	65.000000	0.352763	0.0170553
pR	1057.277344	65.000000	0.352827	0.0170565
pR	1060.724121	65.000000	0.355152	0.017103
pR	1064.170410	65.000000	0.355057	0.0171011
pR	1067.616113	65.000000	0.359466	0.0171893
pR	1071.061426	65.000000	0.357741	0.0171548
pR	1074.506250	65.000000	0.362318	0.0172464
pR	1077.950586	65.000000	0.358998	0.01718
pR	1081.394434	65.000000	0.365455	0.0173091
pR	1084.837891	65.000000	0.357744	0.0171549
pR	1088.280762	65.000000	0.367867	0.0173573
pR	1091.723242	65.000000	0.361951	0.017239
pR	1095.165332	65.000000	0.372406	0.0174481
pR	1098.606836	65.000000	0.36358	0.0172716
pR	1102.047949	65.000000	0.373744	0.0174749
pR	1105.488672	65.000000	0.364559	0.0172912
pR	1108.928906	65.000000	0.37326	0.0174652
pR	1112.368750	65.000000	0.364763	0.0172953
pR	1115.808105	65.000000	0.374453	0.0174891
pR	1119.247070	65.000000	0.368246	0.0173649
pR	1122.685645	65.000000	0.380129	0.0176026
pR	1126.123730	65.000000	0.372885	0.0174577
pR	1129.561426	65.000000	0.382181	0.0176436
pR	1132.998730	65.000000	0.373374	0.0174675
pR	1136.435645	65.000000	0.381425	0.0176285
pR	1139.872168	65.000000	0.372712	0.0174542
pR	1143.308203	65.000000	0.380873	0.0176175
pR	1146.743945	65.000000	0.376201	0.017524
pR	1150.179297	65.000000	0.383289	0.0176658
pR	1153.614258	65.000000	0.381215	0.0176243
pR	1157.048828	65.000000	0.388472	0.0177694
pR	1160.483008	65.000000	0.385462	0.0177092
pR	1163.916797	65.000000	0.388585	0.0177717
pR	1167.350195	65.000000	0.383459	0.0176692
pR	1170.783301	65.000000	0.387495	0.0177499
pR	1174.216016	65.000000	0.383964	0.0176793
pR	1177.648438	65.000000	0.389008	0.0177802
pR	1181.080469	65.000000	0.385414	0.0177083
pR	1184.512109	65.000000	0.392726	0.0178545
pR	1187.943457	65.000000	0.391041	0.0178208
pR	1191.374512	65.000000	0.395046	0.0179009
pR	1194.805176	65.000000	0.388994	0.0177799
pR	1198.235547	65.000000	0.396	0.01792
pR	1201.665527	65.000000	0.391576	0.0178315
pR	1205.095215	65.000000	0.393308	0.0178662
pR	1208.524609	65.000000	0.39034	0.0178068
pR	1211.953711	65.000000	0.393863	0.0178773
pR	1215.382422	65.000000	0.393364	0.0178673
pR	1218.810938	65.000000	0.397777	0.0179555
pR	1222.239063	65.000000	0.397326	0.0179465
pR	1225.666895	65.000000	0.399133	0.0179827
pR	1229.094531	65.000000	0.39721	0.0179442
pR	1232.521777	65.000000	0.399115	0.0179823
pR	1235.948828	65.000000	0.395097	0.0179019
pR	1239.375586	65.000000	0.399689	0.0179938
pR	1242.801953	65.000000	0.393924	0.0178785
pR	1246.228223	65.000000	0.398921	0.0179784
pR	1249.654102	65.000000	0.396651	0.017933
pR	1253.079785	65.000000	0.399517	0.0179903
pR	1256.505176	65.000000	0.399953	0.0179991
pR	1259.930273	65.000000	0.404371	0.0180874
pR	1263.355273	65.000000	0.400989	0.0180198
pR	1266.779883	65.000000	0.404908	0.0180982
pR	1270.204297	65.000000	0.40207	0.0180414
pR	1273.628516	65.000000	0.404268	0.0180854
pR	1277.052441	65.000000	0.398776	0.0179755
pR	1280.476172	65.000000	0.402039	0.0180408
pR	1283.899609	65.000000	0.398392	0.0179678
pR	1287.322949	65.000000	0.404863	0.0180973
pR	1290.745996	65.000000	0.401787	0.0180357
pR	1294.168848	65.000000	0.40882	0.0181764
pR	1297.591504	65.000000	0.406874	0.0181375
pR	1301.013965	65.000000	0.412937	0.0182587
pR	1304.436230	65.000000	0.405903	0.0181181
pR	1307.858301	65.000000	0.408974	0.0181795
pR	1311.280078	65.000000	0.403871	0.0180774
pR	1314.701758	65.000000	0.409055	0.0181811
pR	1318.123340	65.000000	0.404617	0.0180923
pR	1321.544629	65.000000	0.408254	0.0181651
pR	1324.965723	65.000000	0.402428	0.0180486
pR	1328.386719	65.000000	0.407519	0.0181504
pR	1331.807520	65.000000	0.404225	0.0180845
pR	1335.228223	65.000000	0.413044	0.0182609
pR	1338.648730	65.000000	0.408982	0.0181796
pR	1342.069043	65.000000	0.415417	0.0183083
pR	1345.489258	65.000000	0.408804	0.0181761
pR	1348.909277	65.000000	0.414505	0.0182901
pR	1352.329199	65.000000	0.404269	0.0180854
pR	1355.749023	65.000000	0.414171	0.0182834
pR	1359.168652	65.000000	0.401951	0.018039
pR	1362.588184	65.000000	0.409171	0.0181834
pR	1366.007617	65.000000	0.398047	0.0179609
pR	1369.426855	65.000000	0.41074	0.0182148
pR	1372.845996	65.000000	0.400944	0.0180189
pR	1376.265039	65.000000	0.414573	0.0182915
pR	1379.684082	65.000000	0.406666	0.0181333
pR	1383.102930	65.000000	0.419788	0.0183958
pR	1386.521680	65.000000	0.410171	0.0182034
pR	1389.940332	65.000000	0.418366	0.0183673
pR	1393.358887	65.000000	0.407195	0.0181439
pR	1396.777344	65.000000	0.418052	0.018361
pR	1400.195801	65.000000	0.40651	0.0181302
pR	1403.614063	65.000000	0.414744	0.0182949
pR	1407.032324	65.000000	0.404637	0.0180927
pR	1410.450586	65.000000	0.417931	0.0183586
pR	1413.868652	65.000000	0.404349	0.018087
pR	1417.286719	65.000000	0.418743	0.0183749
pR	1420.704785	65.000000	0.40832	0.0181664
pR	1424.122754	65.000000	0.424883	0.0184977
pR	1427.540625	65.000000	0.412242	0.0182448
pR	1430.958496	65.000000	0.428664	0.0185733
pR	1434.376367	65.000000	0.416739	0.0183348
pR	1437.794141	65.000000	0.427943	0.0185589
pR	1441.211914	65.000000	0.41545	0.018309
pR	1444.629688	65.000000	0.422436	0.0184487
pR	1448.047363	65.000000	0.410201	0.018204
pR	1451.465039	65.000000	0.421944	0.0184389
pR	1454.882813	65.000000	0.407921	0.0181584
pR	1458.300488	65.000000	0.421681	0.0184336
pR	1461.718164	65.000000	0.408365	0.0181673
pR	1465.135840	65.000000	0.424715	0.0184943
pR	1468.553516	65.000000	0.412304	0.0182461
pR	1471.971191	65.000000	0.431897	0.0186379
pR	1475.388867	65.000000	0.418811	0.0183762
pR	1478.806543	65.000000	0.433109	0.0186622
pR	1482.224316	65.000000	0.421037	0.0184207
pR	1485.642090	65.000000	0.431567	0.0186313
pR	1489.059863	65.000000	0.417398	0.018348
pR	1492.477734	65.000000	0.429011	0.0185802
pR	1495.895508	65.000000	0.414467	0.0182893
pR	1499.313477	65.000000	0.429695	0.0185939
pR	1502.731445	65.000000	0.416618	0.0183324
pR	1506.149414	65.000000	0.427226	0.0185445
pR	1509.567480	65.000000	0.414651	0.018293
pR	1512.985547	65.000000	0.424783	0.0184957
pR	1516.403711	65.000000	0.41758	0.0183516
pR	1519.821973	65.000000	0.430064	0.0186013
pR	1523.240234	65.000000	0.424269	0.0184854
pR	1526.658691	65.000000	0.431608	0.0186322
pR	1530.077148	65.000000	0.424092	0.0184818
pR	1533.495703	65.000000	0.436636	0.0187327
pR	1536.914258	65.000000	0.42798	0.0185596
pR	1540.333008	65.000000	0.437534	0.0187507
pR	1543.751855	65.000000	0.429677	0.0185935
pR	1547.170801	65.000000	0.433862	0.0186772
pR	1550.589844	65.000000	0.424287	0.0184857
pR	1554.008887	65.000000	0.437041	0.0187408
pR	1557.428223	65.000000	0.420906	0.0184181
pR	1560.847559	65.000000	0.431056	0.0186211
pR	1564.266992	65.000000	0.418318	0.0183664
pR	1567.686621	65.000000	0.426727	0.0185345
pR	1571.106348	65.000000	0.424067	0.0184813
pR	1574.526270	65.000000	0.432069	0.0186414
pR	1577.946289	65.000000	0.429024	0.0185805
pR	1581.366406	65.000000	0.426745	0.0185349
pR	1584.786719	65.000000	0.429005	0.0185801
pR	1588.207227	65.000000	0.434918	0.0186984
pR	1591.627832	65.000000	0.43444	0.0186888
pR	1595.048535	65.000000	0.435733	0.0187147
pR	1598.469531	65.000000	0.430253	0.0186051
pR	1601.890625	65.000000	0.429014	0.0185803
pR	1605.311816	65.000000	0.433405	0.0186681
pR	1608.733301	65.000000	0.427178	0.0185436
pR	1612.154883	65.000000	0.427915	0.0185583
pR	1615.576758	65.000000	0.424114	0.0184823
pR	1618.998730	65.000000	0.42618	0.0185236
pR	1622.420898	65.000000	0.424343	0.0184869
pR	1625.843262	65.000000	0.421683	0.0184337
pR	1629.265918	65.000000	0.428598	0.018572
pR	1632.688672	65.000000	0.428	0.01856
pR	1636.111719	65.000000	0.435179	0.0187036
pR	1639.534961	65.000000	0.43617	0.0187234
pR	1642.958398	65.000000	0.437325	0.0187465
pR	1646.382031	65.000000	0.435446	0.0187089
pR	1649.805859	65.000000	0.438202	0.018764
pR	1653.230078	65.000000	0.440087	0.0188017
pR	1656.654297	65.000000	0.436572	0.0187314
pR	1660.078906	65.000000	0.437841	0.0187568
pR	1663.503711	65.000000	0.437683	0.0187537
pR	1666.928906	65.000000	0.43349	0.0186698
pR	1670.354102	65.000000	0.434268	0.0186854
pR	1673.779688	65.000000	0.435267	0.0187053
pR	1677.205664	65.000000	0.438092	0.0187618
pR	1680.631641	65.000000	0.432898	0.018658
pR	1684.058008	65.000000	0.435692	0.0187138
pR	1687.484766	65.000000	0.443746	0.0188749
pR	1690.911719	65.000000	0.432629	0.0186526
pR	1694.338867	65.000000	0.440012	0.0188002
pR	1697.766406	65.000000	0.44545	0.018909
pR	245.732520	70.000000	0.126812	0.0125362
pR	247.331348	70.000000	0.127245	0.0125449
pR	248.930176	70.000000	0.127251	0.012545
pR	250.529053	70.000000	0.128486	0.0125697
pR	252.127954	70.000000	0.129117	0.0125823
pR	253.726855	70.000000	0.12891	0.0125782
pR	255.325781	70.000000	0.130003	0.0126001
pR	256.924731	70.000000	0.130993	0.0126199
pR	258.523706	70.000000	0.132721	0.0126544
pR	260.122681	70.000000	0.133167	0.0126633
pR	261.721680	70.000000	0.134439	0.0126888
pR	263.320703	70.000000	0.135415	0.0127083
pR	264.919751	70.000000	0.135516	0.0127103
pR	266.518799	70.000000	0.138053	0.0127611
pR	268.117871	70.000000	0.136896	0.0127379
pR	269.716968	70.000000	0.139332	0.0127866
pR	271.316089	70.000000	0.13982	0.0127964
pR	272.915210	70.000000	0.142752	0.012855
pR	274.514331	70.000000	0.142881	0.0128576
pR	276.113501	70.000000	0.144434	0.0128887
pR	277.712646	70.000000	0.145076	0.0129015
pR	279.311841	70.000000	0.146523	0.0129305
pR	280.911035	70.000000	0.148962	0.0129792
pR	282.510254	70.000000	0.147454	0.0129491
pR	284.109473	70.000000	0.15169	0.0130338
pR	285.708716	70.000000	0.14986	0.0129972
pR	287.307959	70.000000	0.152892	0.0130578
pR	288.907202	70.000000	0.153337	0.0130667
pR	290.506494	70.000000	0.154299	0.013086
pR	292.105762	70.000000	0.156628	0.0131326
pR	293.705078	70.000000	0.15558	0.0131116
pR	295.304370	70.000000	0.157686	0.0131537
pR	296.903687	70.000000	0.157705	0.0131541
pR	298.503027	70.000000	0.159334	0.0131867
pR	300.102368	70.000000	0.159189	0.0131838
pR	301.701709	70.000000	0.161195	0.0132239
pR	303.301074	70.000000	0.161149	0.013223
pR	304.900439	70.000000	0.162909	0.0132582
pR	306.499805	70.000000	0.163216	0.0132643
pR	308.099194	70.000000	0.163316	0.0132663
pR	309.698584	70.000000	0.165559	0.0133112
pR	311.297998	70.000000	0.16597	0.0133194
pR	312.897388	70.000000	0.167109	0.0133422
pR	314.496802	70.000000	0.166226	0.0133245
pR	316.096216	70.000000	0.167998	0.01336
pR	317.695654	70.000000	0.168298	0.013366
pR	319.295093	70.000000	0.16877	0.0133754
pR	320.894531	70.000000	0.168526	0.0133705
pR	322.493970	70.000000	0.170061	0.0134012
pR	324.093408	70.000000	0.171524	0.0134305
pR	325.692871	70.000000	0.171403	0.0134281
pR	327.292334	70.000000	0.171262	0.0134252
pR	328.891797	70.000000	0.171695	0.0134339
pR	330.491260	70.000000	0.174915	0.0134983
pR	332.090723	70.000000	0.173099	0.013462
pR	333.690186	70.000000	0.173342	0.0134668
pR	335.289673	70.000000	0.173178	0.0134636
pR	336.889136	70.000000	0.175155	0.0135031
pR	338.488623	70.000000	0.176041	0.0135208
pR	340.088110	70.000000	0.174616	0.0134923
pR	341.687573	70.000000	0.178236	0.0135647
pR	343.287061	70.000000	0.177076	0.0135415
pR	344.886548	70.000000	0.178097	0.0135619
pR	346.486035	70.000000	0.176731	0.0135346
pR	348.085522	70.000000	0.178106	0.0135621
pR	349.684985	70.000000	0.179586	0.0135917
pR	351.284473	70.000000	0.178017	0.0135603
pR	352.883960	70.000000	0.179803	0.0135961
pR	354.483423	70.000000	0.179306	0.0135861
pR	356.082910	70.000000	0.181183	0.0136237
pR	357.682373	70.000000	0.18088	0.0136176
pR	359.281860	70.000000	0.180569	0.0136114
pR	360.881323	70.000000	0.181603	0.0136321
pR	362.480786	70.000000	0.181855	0.0136371
pR	364.080249	70.000000	0.181739	0.0136348
pR	365.679712	70.000000	0.181042	0.0136208
pR	367.279175	70.000000	0.184221	0.0136844
pR	368.878613	70.000000	0.183989	0.0136798
pR	370.478052	70.000000	0.185462	0.0137092
pR	372.077490	70.000000	0.18501	0.0137002
pR	373.676929	70.000000	0.185521	0.0137104
pR	375.276367	70.000000	0.185867	0.0137173
pR	376.875781	70.000000	0.184534	0.0136907
pR	378.475195	70.000000	0.18495	0.013699
pR	380.074609	70.000000	0.185689	0.0137138
pR	381.673999	70.000000	0.187073	0.0137415
pR	383.273389	70.000000	0.186595	0.0137319
pR	384.872778	70.000000	0.186859	0.0137372
pR	386.472168	70.000000	0.187282	0.0137456
pR	388.071533	70.000000	0.188849	0.013777
pR	389.670898	70.000000	0.188295	0.0137659
pR	391.270239	70.000000	0.18894	0.0137788
pR	392.869580	70.000000	0.190032	0.0138006
pR	394.468921	70.000000	0.190165	0.0138033
pR	396.068237	70.000000	0.189508	0.0137902
pR	397.667554	70.000000	0.190844	0.0138169
pR	399.266846	70.000000	0.19176	0.0138352
pR	400.866138	70.000000	0.191647	0.0138329
pR	402.465405	70.000000	0.19149	0.0138298
pR	404.064673	70.000000	0.191731	0.0138346
pR	405.663916	70.000000	0.192705	0.0138541
pR	407.263159	70.000000	0.194111	0.0138822
pR	408.862378	70.000000	0.193985	0.0138797
pR	410.461572	70.000000	0.194427	0.0138885
pR	412.060791	70.000000	0.195502	0.01391
pR	413.659961	70.000000	0.195581	0.0139116
pR	415.259131	70.000000	0.196162	0.0139232
pR	416.858301	70.000000	0.195863	0.0139173
pR	418.457422	70.000000	0.197755	0.0139551
pR	420.056592	70.000000	0.197283	0.0139457
pR	421.655664	70.000000	0.198821	0.0139764
pR	423.254785	70.000000	0.198901	0.013978
pR	424.853857	70.000000	0.199557	0.0139911
pR	426.452930	70.000000	0.200219	0.0140044
pR	428.051953	70.000000	0.200497	0.0140099
pR	429.650977	70.000000	0.200603	0.0140121
pR	431.250000	70.000000	0.200776	0.0140155
pR	432.848975	70.000000	0.201826	0.0140365
pR	434.447949	70.000000	0.201396	0.0140279
pR	436.046924	70.000000	0.202588	0.0140518
pR	437.645850	70.000000	0.203808	0.0140762
pR	439.244727	70.000000	0.204329	0.0140866
pR	440.843652	70.000000	0.204543	0.0140909
pR	442.442529	70.000000	0.204643	0.0140929
pR	444.041357	70.000000	0.206096	0.0141219
pR	445.640186	70.000000	0.206537	0.0141307
pR	447.239014	70.000000	0.206615	0.0141323
pR	448.837793	70.000000	0.207305	0.0141461
pR	450.436572	70.000000	0.208014	0.0141603
pR	452.035303	70.000000	0.208907	0.0141781
pR	453.634033	70.000000	0.209175	0.0141835
pR	455.232715	70.000000	0.209556	0.0141911
pR	456.831396	70.000000	0.20975	0.014195
pR	458.430078	70.000000	0.210811	0.0142162
pR	460.028711	70.000000	0.210876	0.0142175
pR	461.627295	70.000000	0.212283	0.0142457
pR	463.225879	70.000000	0.212664	0.0142533
pR	464.824463	70.000000	0.21312	0.0142624
pR	466.422949	70.000000	0.213841	0.0142768
pR	468.021484	70.000000	0.214143	0.0142829
pR	469.619971	70.000000	0.214389	0.0142878
pR	471.218408	70.000000	0.215005	0.0143001
pR	472.816846	70.000000	0.215413	0.0143083
pR	474.415234	70.000000	0.215441	0.0143088
pR	476.013623	70.000000	0.216899	0.014338
pR	477.611963	70.000000	0.217391	0.0143478
pR	479.210254	70.000000	0.217746	0.0143549
pR	480.808545	70.000000	0.218517	0.0143703
pR	482.406836	70.000000	0.218491	0.0143698
pR	484.005029	70.000000	0.21909	0.0143818
pR	485.603271	70.000000	0.219631	0.0143926
pR	487.201416	70.000000	0.220308	0.0144062
pR	488.799561	70.000000	0.22111	0.0144222
pR	490.397656	70.000000	0.221173	0.0144235
pR	491.995752	70.000000	0.221657	0.0144331
pR	493.593799	70.000000	0.221794	0.0144359
pR	495.191846	70.000000	0.222267	0.0144453
pR	496.789795	70.000000	0.222964	0.0144593
pR	498.387744	70.000000	0.223447	0.0144689
pR	499.985693	70.000000	0.223407	0.0144681
pR	501.583594	70.000000	0.224201	0.014484
pR	503.181445	70.000000	0.224834	0.0144967
pR	504.779248	70.000000	0.225247	0.0145049
pR	506.377051	70.000000	0.225822	0.0145164
pR	507.974805	70.000000	0.225707	0.0145141
pR	509.572510	70.000000	0.226735	0.0145347
pR	511.170215	70.000000	0.227148	0.014543
pR	512.767871	70.000000	0.227336	0.0145467
pR	514.365479	70.000000	0.22734	0.0145468
pR	515.963037	70.000000	0.228209	0.0145642
pR	517.560596	70.000000	0.228483	0.0145697
pR	519.158105	70.000000	0.229093	0.0145819
pR	520.755566	70.000000	0.229269	0.0145854
pR	522.353027	70.000000	0.229795	0.0145959
pR	523.950391	70.000000	0.230633	0.0146127
pR	525.547754	70.000000	0.230493	0.0146099
pR	527.145068	70.000000	0.231168	0.0146234
pR	528.742383	70.000000	0.231529	0.0146306
pR	530.339600	70.000000	0.231475	0.0146295
pR	531.936816	70.000000	0.232352	0.014647
pR	533.533984	70.000000	0.232654	0.0146531
pR	535.131104	70.000000	0.233442	0.0146688
pR	536.728174	70.000000	0.233034	0.0146607
pR	538.325244	70.000000	0.232834	0.0146567
pR	539.922266	70.000000	0.234103	0.0146821
pR	541.519189	70.000000	0.233677	0.0146735
pR	543.116113	70.000000	0.234404	0.0146881
pR	544.712988	70.000000	0.234316	0.0146863
pR	546.309863	70.000000	0.235104	0.0147021
pR	547.906641	70.000000	0.235386	0.0147077
pR	549.503369	70.000000	0.235831	0.0147166
pR	551.100098	70.000000	0.235764	0.0147153
pR	552.696777	70.000000	0.235892	0.0147178
pR	554.293359	70.000000	0.235817	0.0147163
pR	555.889941	70.000000	0.236548	0.014731
pR	557.486475	70.000000	0.236591	0.0147318
pR	559.082959	70.000000	0.23696	0.0147392
pR	560.679395	70.000000	0.237486	0.0147497
pR	562.275830	70.000000	0.237391	0.0147478
pR	563.872168	70.000000	0.237936	0.0147587
pR	565.468457	70.000000	0.238498	0.01477
pR	567.064697	70.000000	0.238537	0.0147707
pR	568.660938	70.000000	0.238888	0.0147778
pR	570.257080	70.000000	0.238898	0.014778
pR	571.853223	70.000000	0.238951	0.014779
pR	573.449268	70.000000	0.239412	0.0147882
pR	575.045313	70.000000	0.239744	0.0147949
pR	576.641260	70.000000	0.239757	0.0147951
pR	578.237207	70.000000	0.239776	0.0147955
pR	579.833057	70.000000	0.240515	0.0148103
pR	581.428857	70.000000	0.240283	0.0148057
pR	583.024658	70.000000	0.240492	0.0148098
pR	584.620361	70.000000	0.2408	0.014816
pR	586.216064	70.000000	0.241611	0.0148322
pR	587.811670	70.000000	0.241151	0.014823
pR	589.407227	70.000000	0.241296	0.0148259
pR	591.002734	70.000000	0.241125	0.0148225
pR	592.598193	70.000000	0.242108	0.0148422
pR	594.193604	70.000000	0.242065	0.0148413
pR	595.788965	70.000000	0.242094	0.0148419
pR	597.384277	70.000000	0.242091	0.0148418
pR	598.979541	70.000000	0.242116	0.0148423
pR	600.574756	70.000000	0.242587	0.0148517
pR	602.169873	70.000000	0.242874	0.0148575
pR	603.764990	70.000000	0.242902	0.014858
pR	605.360010	70.000000	0.243362	0.0148672
pR	606.954980	70.000000	0.243554	0.0148711
pR	608.549902	70.000000	0.243445	0.0148689
pR	610.144775	70.000000	0.243263	0.0148653
pR	611.739600	70.000000	0.243933	0.0148787
pR	613.334375	70.000000	0.244877	0.0148975
pR	614.929053	70.000000	0.244504	0.0148901
pR	616.523730	70.000000	0.244287	0.0148857
pR	618.118311	70.000000	0.24429	0.0148858
pR	619.712842	70.000000	0.244664	0.0148933
pR	621.307275	70.000000	0.244943	0.0148989
pR	622.901709	70.000000	0.245495	0.0149099
pR	624.496045	70.000000	0.245749	0.014915
pR	626.090381	70.000000	0.245473	0.0149095
pR	627.684570	70.000000	0.245411	0.0149082
pR	629.278760	70.000000	0.245547	0.014911
pR	630.872900	70.000000	0.245544	0.0149109
pR	632.466943	70.000000	0.245779	0.0149156
pR	634.060938	70.000000	0.246369	0.0149274
pR	635.654883	70.000000	0.246073	0.0149215
pR	637.248730	70.000000	0.246145	0.0149229
pR	638.842529	70.000000	0.246177	0.0149235
pR	640.436279	70.000000	0.246973	0.0149395
pR	642.029980	70.000000	0.246954	0.0149391
pR	643.623584	70.000000	0.24753	0.0149506
pR	645.217139	70.000000	0.247542	0.0149508
pR	646.810645	70.000000	0.247564	0.0149513
pR	648.404053	70.000000	0.247483	0.0149497
pR	649.997412	70.000000	0.247667	0.0149533
pR	651.590723	70.000000	0.248258	0.0149652
pR	653.183984	70.000000	0.24836	0.0149672
pR	654.777148	70.000000	0.24871	0.0149742
pR	656.370264	70.000000	0.24958	0.0149916
pR	657.963281	70.000000	0.249206	0.0149841
pR	659.556250	70.000000	0.248914	0.0149783
pR	661.149170	70.000000	0.249542	0.0149908
pR	662.741992	70.000000	0.249876	0.0149975
pR	664.334766	70.000000	0.250027	0.0150005
pR	665.927490	70.000000	0.249121	0.0149824
pR	667.520117	70.000000	0.250137	0.0150027
pR	669.112695	70.000000	0.249876	0.0149975
pR	670.705176	70.000000	0.250477	0.0150095
pR	672.297607	70.000000	0.25036	0.0150072
pR	673.889990	70.000000	0.249961	0.0149992
pR	675.482275	70.000000	0.250261	0.0150052
pR	677.074512	70.000000	0.250489	0.0150098
pR	678.666650	70.000000	0.251034	0.0150207
pR	680.258740	70.000000	0.251687	0.0150337
pR	681.850732	70.000000	0.250809	0.0150162
pR	683.442676	70.000000	0.250871	0.0150174
pR	685.034521	70.000000	0.25174	0.0150348
pR	686.626318	70.000000	0.252382	0.0150476
pR	688.218066	70.000000	0.252841	0.0150568
pR	689.809717	70.000000	0.25241	0.0150482
pR	691.401270	70.000000	0.252684	0.0150537
pR	692.992773	70.000000	0.253125	0.0150625
pR	694.584229	70.000000	0.25336	0.0150672
pR	696.175586	70.000000	0.25339	0.0150678
pR	697.766846	70.000000	0.253857	0.0150771
pR	699.358057	70.000000	0.253711	0.0150742
pR	700.949170	70.000000	0.253259	0.0150652
pR	702.540234	70.000000	0.254329	0.0150866
pR	704.131201	70.000000	0.254052	0.015081
pR	705.722119	70.000000	0.253928	0.0150786
pR	707.312939	70.000000	0.25487	0.0150974
pR	708.903711	70.000000	0.255218	0.0151044
pR	710.494385	70.000000	0.255253	0.0151051
pR	712.084961	70.000000	0.256221	0.0151244
pR	713.675488	70.000000	0.255176	0.0151035
pR	715.265918	70.000000	0.255016	0.0151003
pR	716.856299	70.000000	0.25554	0.0151108
pR	718.446582	70.000000	0.254989	0.0150998
pR	720.036768	70.000000	0.256431	0.0151286
pR	721.626904	70.000000	0.256179	0.0151236
pR	723.216943	70.000000	0.256828	0.0151366
pR	724.806885	70.000000	0.256414	0.0151283
pR	726.396777	70.000000	0.256851	0.015137
pR	727.986572	70.000000	0.256401	0.015128
pR	729.576318	70.000000	0.256816	0.0151363
pR	731.165967	70.000000	0.255858	0.0151172
pR	732.755518	70.000000	0.256993	0.0151398
pR	734.344971	70.000000	0.257339	0.0151468
pR	735.934375	70.000000	0.258881	0.0151776
pR	737.523682	70.000000	0.258444	0.0151689
pR	739.112891	70.000000	0.258872	0.0151774
pR	740.702051	70.000000	0.257696	0.0151539
pR	742.291113	70.000000	0.258597	0.0151719
pR	743.880078	70.000000	0.257981	0.0151596
pR	745.468994	70.000000	0.258365	0.0151673
pR	747.057764	70.000000	0.258793	0.0151759
pR	748.646484	70.000000	0.260121	0.0152024
pR	750.235156	70.000000	0.259784	0.0151957
pR	751.823682	70.000000	0.259476	0.0151895
pR	753.412158	70.000000	0.259698	0.015194
pR	755.000537	70.000000	0.260017	0.0152003
pR	756.588818	70.000000	0.258766	0.0151753
pR	758.177002	70.000000	0.259883	0.0151977
pR	759.765137	70.000000	0.261492	0.0152298
pR	761.353125	70.000000	0.261187	0.0152237
pR	762.941064	70.000000	0.260837	0.0152167
pR	764.528906	70.000000	0.260969	0.0152194
pR	766.116699	70.000000	0.261568	0.0152314
pR	767.704346	70.000000	0.261858	0.0152372
pR	769.291943	70.000000	0.262268	0.0152454
pR	770.879443	70.000000	0.261699	0.015234
pR	772.466846	70.000000	0.262965	0.0152593
pR	774.054150	70.000000	0.26218	0.0152436
pR	775.641357	70.000000	0.262898	0.015258
pR	777.228467	70.000000	0.262903	0.0152581
pR	778.815527	70.000000	0.26334	0.0152668
pR	780.402441	70.000000	0.262468	0.0152494
pR	781.989307	70.000000	0.262165	0.0152433
pR	783.576074	70.000000	0.263911	0.0152782
pR	785.162744	70.000000	0.264996	0.0152999
pR	786.749316	70.000000	0.264824	0.0152965
pR	788.335791	70.000000	0.263472	0.0152694
pR	789.922168	70.000000	0.262997	0.0152599
pR	791.508447	70.000000	0.263637	0.0152727
pR	793.094629	70.000000	0.26504	0.0153008
pR	794.680762	70.000000	0.265698	0.015314
pR	796.266748	70.000000	0.265776	0.0153155
pR	797.852637	70.000000	0.266658	0.0153332
pR	799.438477	70.000000	0.266285	0.0153257
pR	801.024170	70.000000	0.265818	0.0153164
pR	802.609814	70.000000	0.265325	0.0153065
pR	804.195313	70.000000	0.265555	0.0153111
pR	805.780762	70.000000	0.26782	0.0153564
pR	807.366064	70.000000	0.267281	0.0153456
pR	808.951318	70.000000	0.26589	0.0153178
pR	810.536426	70.000000	0.265703	0.0153141
pR	812.121484	70.000000	0.266362	0.0153272
pR	813.706396	70.000000	0.266316	0.0153263
pR	815.291211	70.000000	0.267696	0.0153539
pR	816.875977	70.000000	0.267821	0.0153564
pR	818.460596	70.000000	0.267448	0.015349
pR	820.045117	70.000000	0.267051	0.015341
pR	821.629590	70.000000	0.267892	0.0153578
pR	823.213867	70.000000	0.269342	0.0153868
pR	824.798145	70.000000	0.268063	0.0153613
pR	826.382227	70.000000	0.268885	0.0153777
pR	827.966211	70.000000	0.268651	0.015373
pR	829.550195	70.000000	0.26875	0.015375
pR	831.133984	70.000000	0.269002	0.01538
pR	832.717676	70.000000	0.269606	0.0153921
pR	834.301270	70.000000	0.269596	0.0153919
pR	835.884863	70.000000	0.268842	0.0153768
pR	837.468262	70.000000	0.269982	0.0153996
pR	839.051563	70.000000	0.270045	0.0154009
pR	840.634668	70.000000	0.271218	0.0154244
pR	842.217773	70.000000	0.272296	0.0154459
pR	843.800781	70.000000	0.272629	0.0154526
pR	845.383691	70.000000	0.271359	0.0154272
pR	846.966406	70.000000	0.271899	0.015438
pR	848.549121	70.000000	0.269453	0.0153891
pR	850.131641	70.000000	0.271017	0.0154203
pR	851.714063	70.000000	0.273015	0.0154603
pR	853.296484	70.000000	0.273989	0.0154798
pR	854.878711	70.000000	0.274599	0.015492
pR	856.460840	70.000000	0.273362	0.0154672
pR	858.042773	70.000000	0.273608	0.0154722
pR	859.624707	70.000000	0.274446	0.0154889
pR	861.206543	70.000000	0.273277	0.0154655
pR	862.788184	70.000000	0.27317	0.0154634
pR	864.369824	70.000000	0.273793	0.0154759
pR	865.951270	70.000000	0.273817	0.0154763
pR	867.532617	70.000000	0.274184	0.0154837
pR	869.113867	70.000000	0.273174	0.0154635
pR	870.695020	70.000000	0.273216	0.0154643
pR	872.275977	70.000000	0.273336	0.0154667
pR	873.856934	70.000000	0.274959	0.0154992
pR	875.437695	70.000000	0.274137	0.0154827
pR	877.018359	70.000000	0.273939	0.0154788
pR	878.599023	70.000000	0.273788	0.0154758
pR	880.179395	70.000000	0.274886	0.0154977
pR	881.759766	70.000000	0.274725	0.0154945
pR	883.340039	70.000000	0.277585	0.0155517
pR	884.920117	70.000000	0.276964	0.0155393
pR	886.500098	70.000000	0.27655	0.015531
pR	888.079980	70.000000	0.278052	0.015561
pR	889.659766	70.000000	0.278781	0.0155756
pR	891.239453	70.000000	0.277931	0.0155586
pR	892.818945	70.000000	0.276452	0.015529
pR	894.398438	70.000000	0.276639	0.0155328
pR	895.977734	70.000000	0.277329	0.0155466
pR	897.556934	70.000000	0.279259	0.0155852
pR	899.135938	70.000000	0.277686	0.0155537
pR	900.714941	70.000000	0.278031	0.0155606
pR	902.293750	70.000000	0.2796	0.015592
pR	903.872461	70.000000	0.279187	0.0155837
pR	905.451074	70.000000	0.279848	0.015597
pR	907.029590	70.000000	0.278858	0.0155772
pR	908.607910	70.000000	0.280488	0.0156098
pR	910.186133	70.000000	0.281769	0.0156354
pR	911.764258	70.000000	0.280319	0.0156064
pR	913.342285	70.000000	0.280727	0.0156145
pR	914.920117	70.000000	0.281364	0.0156273
pR	916.497852	70.000000	0.281782	0.0156356
pR	918.075488	70.000000	0.280726	0.0156145
pR	919.653027	70.000000	0.280658	0.0156132
pR	921.230469	70.000000	0.281528	0.0156306
pR	922.807715	70.000000	0.28215	0.015643
pR	924.384863	70.000000	0.282388	0.0156478
pR	925.961914	70.000000	0.28164	0.0156328
pR	927.538770	70.000000	0.28316	0.0156632
pR	929.115527	70.000000	0.283313	0.0156663
pR	930.692188	70.000000	0.284133	0.0156827
pR	932.268750	70.000000	0.283873	0.0156775
pR	933.845117	70.000000	0.284924	0.0156985
pR	935.421387	70.000000	0.284002	0.01568
pR	936.997559	70.000000	0.285438	0.0157088
pR	938.573535	70.000000	0.286282	0.0157256
pR	940.149414	70.000000	0.285262	0.0157052
pR	941.725195	70.000000	0.285328	0.0157066
pR	943.300879	70.000000	0.284907	0.0156981
pR	944.876367	70.000000	0.286881	0.0157376
pR	946.451758	70.000000	0.287164	0.0157433
pR	948.027051	70.000000	0.284058	0.0156812
pR	949.602148	70.000000	0.289142	0.0157828
pR	951.177148	70.000000	0.28625	0.015725
pR	952.752051	70.000000	0.28703	0.0157406
pR	954.326758	70.000000	0.285544	0.0157109
pR	955.901367	70.000000	0.287182	0.0157436
pR	957.475879	70.000000	0.287366	0.0157473
pR	959.050195	70.000000	0.28466	0.0156932
pR	960.624512	70.000000	0.287016	0.0157403
pR	962.198535	70.000000	0.284906	0.0156981
pR	963.772559	70.000000	0.286583	0.0157317
pR	965.346387	70.000000	0.289206	0.0157841
pR	966.920020	70.000000	0.288976	0.0157795
pR	968.493652	70.000000	0.288776	0.0157755
pR	970.066992	70.000000	0.287561	0.0157512
pR	971.640332	70.000000	0.289814	0.0157963
pR	973.213477	70.000000	0.288813	0.0157763
pR	974.786523	70.000000	0.290377	0.0158075
pR	976.359473	70.000000	0.289242	0.0157848
pR	977.932227	70.000000	0.289152	0.015783
pR	979.504785	70.000000	0.288784	0.0157757
pR	981.077344	70.000000	0.289623	0.0157925
pR	982.649707	70.000000	0.291436	0.0158287
pR	984.221875	70.000000	0.291194	0.0158239
pR	985.793945	70.000000	0.290844	0.0158169
pR	987.365918	70.000000	0.289883	0.0157977
pR	988.937793	70.000000	0.293086	0.0158617
pR	990.509375	70.000000	0.292526	0.0158505
pR	992.080957	70.000000	0.293959	0.0158792
pR	993.652344	70.000000	0.290404	0.0158081
pR	995.223633	70.000000	0.292414	0.0158483
pR	996.794727	70.000000	0.295021	0.0159004
pR	998.365723	70.000000	0.294217	0.0158843
pR	999.936523	70.000000	0.29453	0.0158906
pR	1012.422852	70.000000	0.291164	0.0158233
pR	1015.876367	70.000000	0.291116	0.0158223
pR	1019.329297	70.000000	0.291885	0.0158377
pR	1022.781836	70.000000	0.292704	0.0158541
pR	1026.233691	70.000000	0.291256	0.0158251
pR	1029.685059	70.000000	0.292935	0.0158587
pR	1033.135938	70.000000	0.293483	0.0158697
pR	1036.586230	70.000000	0.293692	0.0158738
pR	1040.036035	70.000000	0.29652	0.0159304
pR	1043.485352	70.000000	0.296448	0.015929
pR	1046.934082	70.000000	0.296562	0.0159312
pR	1050.382324	70.000000	0.295826	0.0159165
pR	1053.830078	70.000000	0.2966	0.015932
pR	1057.277344	70.000000	0.2965	0.01593
pR	1060.724121	70.000000	0.298526	0.0159705
pR	1064.170410	70.000000	0.299823	0.0159965
pR	1067.616113	70.000000	0.303717	0.0160743
pR	1071.061426	70.000000	0.301299	0.016026
pR	1074.506250	70.000000	0.304213	0.0160843
pR	1077.950586	70.000000	0.301605	0.0160321
pR	1081.394434	70.000000	0.30779	0.0161558
pR	1084.837891	70.000000	0.300978	0.0160196
pR	1088.280762	70.000000	0.309528	0.0161906
pR	1091.723242	70.000000	0.304382	0.0160876
pR	1095.165332	70.000000	0.313708	0.0162742
pR	1098.606836	70.000000	0.306889	0.0161378
pR	1102.047949	70.000000	0.315522	0.0163104
pR	1105.488672	70.000000	0.306355	0.0161271
pR	1108.928906	70.000000	0.313882	0.0162776
pR	1112.368750	70.000000	0.306589	0.0161318
pR	1115.808105	70.000000	0.314811	0.0162962
pR	1119.247070	70.000000	0.309708	0.0161942
pR	1122.685645	70.000000	0.320328	0.0164066
pR	1126.123730	70.000000	0.313366	0.0162673
pR	1129.561426	70.000000	0.321244	0.0164249
pR	1132.998730	70.000000	0.314505	0.0162901
pR	1136.435645	70.000000	0.322482	0.0164496
pR	1139.872168	70.000000	0.31433	0.0162866
pR	1143.308203	70.000000	0.322096	0.0164419
pR	1146.743945	70.000000	0.316787	0.0163357
pR	1150.179297	70.000000	0.324673	0.0164935
pR	1153.614258	70.000000	0.320526	0.0164105
pR	1157.048828	70.000000	0.32884	0.0165768
pR	1160.483008	70.000000	0.323344	0.0164669
pR	1163.916797	70.000000	0.327554	0.0165511
pR	1167.350195	70.000000	0.323742	0.0164748
pR	1170.783301	70.000000	0.326387	0.0165277
pR	1174.216016	70.000000	0.324019	0.0164804
pR	1177.648438	70.000000	0.328732	0.0165746
pR	1181.080469	70.000000	0.325196	0.0165039
pR	1184.512109	70.000000	0.331067	0.0166213
pR	1187.943457	70.000000	0.329679	0.0165936
pR	1191.374512	70.000000	0.33377	0.0166754
pR	1194.805176	70.000000	0.329886	0.0165977
pR	1198.235547	70.000000	0.332326	0.0166465
pR	1201.665527	70.000000	0.328883	0.0165777
pR	1205.095215	70.000000	0.331541	0.0166308
pR	1208.524609	70.000000	0.330359	0.0166072
pR	1211.953711	70.000000	0.33216	0.0166432
pR	1215.382422	70.000000	0.331227	0.0166245
pR	1218.810938	70.000000	0.336939	0.0167388
pR	1222.239063	70.000000	0.335308	0.0167062
pR	1225.666895	70.000000	0.338663	0.0167733
pR	1229.094531	70.000000	0.336481	0.0167296
pR	1232.521777	70.000000	0.337586	0.0167517
pR	1235.948828	70.000000	0.334395	0.0166879
pR	1239.375586	70.000000	0.339234	0.0167847
pR	1242.801953	70.000000	0.33268	0.0166536
pR	1246.228223	70.000000	0.337683	0.0167537
pR	1249.654102	70.000000	0.33405	0.016681
pR	1253.079785	70.000000	0.338269	0.0167654
pR	1256.505176	70.000000	0.33799	0.0167598
pR	1259.930273	70.000000	0.34284	0.0168568
pR	1263.355273	70.000000	0.338867	0.0167773
pR	1266.779883	70.000000	0.341911	0.0168382
pR	1270.204297	70.000000	0.338767	0.0167753
pR	1273.628516	70.000000	0.342392	0.0168478
pR	1277.052441	70.000000	0.340097	0.0168019
pR	1280.476172	70.000000	0.341744	0.0168349
pR	1283.899609	70.000000	0.33716	0.0167432
pR	1287.322949	70.000000	0.34224	0.0168448
pR	1290.745996	70.000000	0.339867	0.0167973
pR	1294.168848	70.000000	0.346498	0.01693
pR	1297.591504	70.000000	0.34198	0.0168396
pR	1301.013965	70.000000	0.347721	0.0169544
pR	1304.436230	70.000000	0.342358	0.0168472
pR	1307.858301	70.000000	0.346578	0.0169316
pR	1311.280078	70.000000	0.342253	0.0168451
pR	1314.701758	70.000000	0.345591	0.0169118
pR	1318.123340	70.000000	0.341056	0.0168211
pR	1321.544629	70.000000	0.344817	0.0168963
pR	1324.965723	70.000000	0.340093	0.0168019
pR	1328.386719	70.000000	0.344747	0.0168949
pR	1331.807520	70.000000	0.341351	0.016827
pR	1335.228223	70.000000	0.348932	0.0169786
pR	1338.648730	70.000000	0.346704	0.0169341
pR	1342.069043	70.000000	0.354287	0.0170857
pR	1345.489258	70.000000	0.347752	0.016955
pR	1348.909277	70.000000	0.353904	0.0170781
pR	1352.329199	70.000000	0.342805	0.0168561
pR	1355.749023	70.000000	0.351398	0.0170279
pR	1359.168652	70.000000	0.339462	0.0167892
pR	1362.588184	70.000000	0.345338	0.0169068
pR	1366.007617	70.000000	0.336141	0.0167228
pR	1369.426855	70.000000	0.349993	0.0169999
pR	1372.845996	70.000000	0.340254	0.0168051
pR	1376.265039	70.000000	0.350387	0.0170077
pR	1379.684082	70.000000	0.344873	0.0168975
pR	1383.102930	70.000000	0.356429	0.0171286
pR	1386.521680	70.000000	0.348308	0.0169662
pR	1389.940332	70.000000	0.354838	0.0170968
pR	1393.358887	70.000000	0.343875	0.0168775
pR	1396.777344	70.000000	0.354579	0.0170916
pR	1400.195801	70.000000	0.344985	0.0168997
pR	1403.614063	70.000000	0.351309	0.0170262
pR	1407.032324	70.000000	0.342584	0.0168517
pR	1410.450586	70.000000	0.354968	0.0170994
pR	1413.868652	70.000000	0.340688	0.0168138
pR	1417.286719	70.000000	0.356533	0.0171307
pR	1420.704785	70.000000	0.345915	0.0169183
pR	1424.122754	70.000000	0.359865	0.0171973
pR	1427.540625	70.000000	0.348712	0.0169742
pR	1430.958496	70.000000	0.360688	0.0172138
pR	1434.376367	70.000000	0.353066	0.0170613
pR	1437.794141	70.000000	0.363617	0.0172723
pR	1441.211914	70.000000	0.35194	0.0170388
pR	1444.629688	70.000000	0.360327	0.0172065
pR	1448.047363	70.000000	0.347142	0.0169428
pR	1451.465039	70.000000	0.357379	0.0171476
pR	1454.882813	70.000000	0.345575	0.0169115
pR	1458.300488	70.000000	0.357488	0.0171498
pR	1461.718164	70.000000	0.34707	0.0169414
pR	1465.135840	70.000000	0.360058	0.0172012
pR	1468.553516	70.000000	0.347421	0.0169484
pR	1471.971191	70.000000	0.364177	0.0172835
pR	1475.388867	70.000000	0.353153	0.0170631
pR	1478.806543	70.000000	0.369295	0.0173859
pR	1482.224316	70.000000	0.358193	0.0171639
pR	1485.642090	70.000000	0.365386	0.0173077
pR	1489.059863	70.000000	0.354833	0.0170966
pR	1492.477734	70.000000	0.365238	0.0173048
pR	1495.895508	70.000000	0.352734	0.0170547
pR	1499.313477	70.000000	0.365927	0.0173185
pR	1502.731445	70.000000	0.352983	0.0170597
pR	1506.149414	70.000000	0.361984	0.0172397
pR	1509.567480	70.000000	0.351219	0.0170244
pR	1512.985547	70.000000	0.362299	0.017246
pR	1516.403711	70.000000	0.355865	0.0171173
pR	1519.821973	70.000000	0.367365	0.0173473
pR	1523.240234	70.000000	0.360653	0.0172131
pR	1526.658691	70.000000	0.36763	0.0173526
pR	1530.077148	70.000000	0.361474	0.0172295
pR	1533.495703	70.000000	0.373107	0.0174621
pR	1536.914258	70.000000	0.363127	0.0172625
pR	1540.333008	70.000000	0.371252	0.017425
pR	1543.751855	70.000000	0.365823	0.0173165
pR	1547.170801	70.000000	0.368782	0.0173756
pR	1550.589844	70.000000	0.360394	0.0172079
pR	1554.008887	70.000000	0.369744	0.0173949
pR	1557.428223	70.000000	0.356572	0.0171314
pR	1560.847559	70.000000	0.365875	0.0173175
pR	1564.266992	70.000000	0.358189	0.0171638
pR	1567.686621	70.000000	0.364298	0.017286
pR	1571.106348	70.000000	0.361165	0.0172233
pR	1574.526270	70.000000	0.366421	0.0173284
pR	1577.946289	70.000000	0.362971	0.0172594
pR	1581.366406	70.000000	0.368127	0.0173625
pR	1584.786719	70.000000	0.365604	0.0173121
pR	1588.207227	70.000000	0.37027	0.0174054
pR	1591.627832	70.000000	0.367391	0.0173478
pR	1595.048535	70.000000	0.367709	0.0173542
pR	1598.469531	70.000000	0.366214	0.0173243
pR	1601.890625	70.000000	0.364087	0.0172817
pR	1605.311816	70.000000	0.369231	0.0173846
pR	1608.733301	70.000000	0.365191	0.0173038
pR	1612.154883	70.000000	0.364026	0.0172805
pR	1615.576758	70.000000	0.363538	0.0172708
pR	1618.998730	70.000000	0.363154	0.0172631
pR	1622.420898	70.000000	0.358627	0.0171725
pR	1625.843262	70.000000	0.36029	0.0172058
pR	1629.265918	70.000000	0.364033	0.0172807
pR	1632.688672	70.000000	0.366887	0.0173377
pR	1636.111719	70.000000	0.366564	0.0173313
pR	1639.534961	70.000000	0.3675	0.01735
pR	1642.958398	70.000000	0.372036	0.0174407
pR	1646.382031	70.000000	0.371814	0.0174363
pR	1649.805859	70.000000	0.376925	0.0175385
pR	1653.230078	70.000000	0.376363	0.0175273
pR	1656.654297	70.000000	0.373199	0.017464
pR	1660.078906	70.000000	0.371833	0.0174366
pR	1663.503711	70.000000	0.371087	0.0174217
pR	1666.928906	70.000000	0.372372	0.0174474
pR	1670.354102	70.000000	0.373515	0.0174703
pR	1673.779688	70.000000	0.371067	0.0174213
pR	1677.205664	70.000000	0.373745	0.0174749
pR	1680.631641	70.000000	0.367166	0.0173433
pR	1684.058008	70.000000	0.372409	0.0174482
pR	1687.484766	70.000000	0.3725	0.01745
pR	1690.911719	70.000000	0.372212	0.0174442
pR	1694.338867	70.000000	0.386652	0.017733
pR	1697.766406	70.000000	0.363345	0.0172669
pR	245.732520	75.000000	0.167507	0.0133501
pR	247.331348	75.000000	0.168901	0.013378
pR	248.930176	75.000000	0.168266	0.0133653
pR	250.529053	75.000000	0.16823	0.0133646
pR	252.127954	75.000000	0.170257	0.0134051
pR	253.726855	75.000000	0.170278	0.0134056
pR	255.325781	75.000000	0.172897	0.0134579
pR	256.924731	75.000000	0.172623	0.0134525
pR	258.523706	75.000000	0.174759	0.0134952
pR	260.122681	75.000000	0.175358	0.0135072
pR	261.721680	75.000000	0.176992	0.0135398
pR	263.320703	75.000000	0.176965	0.0135393
pR	264.919751	75.000000	0.177989	0.0135598
pR	266.518799	75.000000	0.180357	0.0136071
pR	268.117871	75.000000	0.179271	0.0135854
pR	269.716968	75.000000	0.181646	0.0136329
pR	271.316089	75.000000	0.181698	0.013634
pR	272.915210	75.000000	0.184548	0.013691
pR	274.514331	75.000000	0.1844	0.013688
pR	276.113501	75.000000	0.185606	0.0137121
pR	277.712646	75.000000	0.185637	0.0137127
pR	279.311841	75.000000	0.186801	0.013736
pR	280.911035	75.000000	0.188383	0.0137677
pR	282.510254	75.000000	0.188863	0.0137773
pR	284.109473	75.000000	0.191908	0.0138382
pR	285.708716	75.000000	0.190056	0.0138011
pR	287.307959	75.000000	0.192442	0.0138488
pR	288.907202	75.000000	0.192147	0.0138429
pR	290.506494	75.000000	0.193958	0.0138792
pR	292.105762	75.000000	0.194371	0.0138874
pR	293.705078	75.000000	0.193749	0.013875
pR	295.304370	75.000000	0.195553	0.0139111
pR	296.903687	75.000000	0.19468	0.0138936
pR	298.503027	75.000000	0.196322	0.0139264
pR	300.102368	75.000000	0.195717	0.0139144
pR	301.701709	75.000000	0.197389	0.0139478
pR	303.301074	75.000000	0.197078	0.0139416
pR	304.900439	75.000000	0.197565	0.0139513
pR	306.499805	75.000000	0.197683	0.0139537
pR	308.099194	75.000000	0.199126	0.0139825
pR	309.698584	75.000000	0.200374	0.0140075
pR	311.297998	75.000000	0.197708	0.0139542
pR	312.897388	75.000000	0.199343	0.0139869
pR	314.496802	75.000000	0.199538	0.0139908
pR	316.096216	75.000000	0.200953	0.0140191
pR	317.695654	75.000000	0.200832	0.0140166
pR	319.295093	75.000000	0.201184	0.0140237
pR	320.894531	75.000000	0.202405	0.0140481
pR	322.493970	75.000000	0.20037	0.0140074
pR	324.093408	75.000000	0.203587	0.0140717
pR	325.692871	75.000000	0.201424	0.0140285
pR	327.292334	75.000000	0.202342	0.0140468
pR	328.891797	75.000000	0.201124	0.0140225
pR	330.491260	75.000000	0.201505	0.0140301
pR	332.090723	75.000000	0.201912	0.0140382
pR	333.690186	75.000000	0.202307	0.0140461
pR	335.289673	75.000000	0.201853	0.0140371
pR	336.889136	75.000000	0.202537	0.0140507
pR	338.488623	75.000000	0.202978	0.0140596
pR	340.088110	75.000000	0.201869	0.0140374
pR	341.687573	75.000000	0.203722	0.0140744
pR	343.287061	75.000000	0.202599	0.014052
pR	344.886548	75.000000	0.202507	0.0140501
pR	346.486035	75.000000	0.20352	0.0140704
pR	348.085522	75.000000	0.202284	0.0140457
pR	349.684985	75.000000	0.203165	0.0140633
pR	351.284473	75.000000	0.203137	0.0140627
pR	352.883960	75.000000	0.203337	0.0140667
pR	354.483423	75.000000	0.201852	0.014037
pR	356.082910	75.000000	0.202998	0.01406
pR	357.682373	75.000000	0.202435	0.0140487
pR	359.281860	75.000000	0.203267	0.0140653
pR	360.881323	75.000000	0.203872	0.0140774
pR	362.480786	75.000000	0.20301	0.0140602
pR	364.080249	75.000000	0.204104	0.0140821
pR	365.679712	75.000000	0.202905	0.0140581
pR	367.279175	75.000000	0.204431	0.0140886
pR	368.878613	75.000000	0.203401	0.014068
pR	370.478052	75.000000	0.203603	0.0140721
pR	372.077490	75.000000	0.20381	0.0140762
pR	373.676929	75.000000	0.203402	0.014068
pR	375.276367	75.000000	0.204339	0.0140868
pR	376.875781	75.000000	0.202931	0.0140586
pR	378.475195	75.000000	0.204062	0.0140812
pR	380.074609	75.000000	0.204482	0.0140896
pR	381.673999	75.000000	0.203878	0.0140776
pR	383.273389	75.000000	0.20358	0.0140716
pR	384.872778	75.000000	0.205136	0.0141027
pR	386.472168	75.000000	0.205394	0.0141079
pR	388.071533	75.000000	0.205682	0.0141136
pR	389.670898	75.000000	0.204803	0.0140961
pR	391.270239	75.000000	0.205864	0.0141173
pR	392.869580	75.000000	0.205161	0.0141032
pR	394.468921	75.000000	0.204415	0.0140883
pR	396.068237	75.000000	0.205913	0.0141183
pR	397.667554	75.000000	0.205306	0.0141061
pR	399.266846	75.000000	0.20563	0.0141126
pR	400.866138	75.000000	0.206047	0.0141209
pR	402.465405	75.000000	0.206265	0.0141253
pR	404.064673	75.000000	0.20635	0.014127
pR	405.663916	75.000000	0.205731	0.0141146
pR	407.263159	75.000000	0.206588	0.0141318
pR	408.862378	75.000000	0.206797	0.0141359
pR	410.461572	75.000000	0.207609	0.0141522
pR	412.060791	75.000000	0.207342	0.0141468
pR	413.659961	75.000000	0.208165	0.0141633
pR	415.259131	75.000000	0.207648	0.014153
pR	416.858301	75.000000	0.207489	0.0141498
pR	418.457422	75.000000	0.208398	0.014168
pR	420.056592	75.000000	0.208446	0.0141689
pR	421.655664	75.000000	0.209105	0.0141821
pR	423.254785	75.000000	0.208615	0.0141723
pR	424.853857	75.000000	0.209539	0.0141908
pR	426.452930	75.000000	0.209773	0.0141955
pR	428.051953	75.000000	0.209148	0.014183
pR	429.650977	75.000000	0.210414	0.0142083
pR	431.250000	75.000000	0.209556	0.0141911
pR	432.848975	75.000000	0.210321	0.0142064
pR	434.447949	75.000000	0.210248	0.014205
pR	436.046924	75.000000	0.210708	0.0142142
pR	437.645850	75.000000	0.21088	0.0142176
pR	439.244727	75.000000	0.210291	0.0142058
pR	440.843652	75.000000	0.211659	0.0142332
pR	442.442529	75.000000	0.211505	0.0142301
pR	444.041357	75.000000	0.212046	0.0142409
pR	445.640186	75.000000	0.212187	0.0142437
pR	447.239014	75.000000	0.21256	0.0142512
pR	448.837793	75.000000	0.213081	0.0142616
pR	450.436572	75.000000	0.213122	0.0142624
pR	452.035303	75.000000	0.213059	0.0142612
pR	453.634033	75.000000	0.213333	0.0142667
pR	455.232715	75.000000	0.214053	0.0142811
pR	456.831396	75.000000	0.214093	0.0142819
pR	458.430078	75.000000	0.213938	0.0142788
pR	460.028711	75.000000	0.214556	0.0142911
pR	461.627295	75.000000	0.214927	0.0142985
pR	463.225879	75.000000	0.215022	0.0143004
pR	464.824463	75.000000	0.21517	0.0143034
pR	466.422949	75.000000	0.215928	0.0143186
pR	468.021484	75.000000	0.216193	0.0143239
pR	469.619971	75.000000	0.215806	0.0143161
pR	471.218408	75.000000	0.216001	0.01432
pR	472.816846	75.000000	0.216088	0.0143218
pR	474.415234	75.000000	0.2167	0.014334
pR	476.013623	75.000000	0.217127	0.0143425
pR	477.611963	75.000000	0.217319	0.0143464
pR	479.210254	75.000000	0.217521	0.0143504
pR	480.808545	75.000000	0.217678	0.0143536
pR	482.406836	75.000000	0.217958	0.0143592
pR	484.005029	75.000000	0.217999	0.01436
pR	485.603271	75.000000	0.21858	0.0143716
pR	487.201416	75.000000	0.218755	0.0143751
pR	488.799561	75.000000	0.218522	0.0143704
pR	490.397656	75.000000	0.219135	0.0143827
pR	491.995752	75.000000	0.218662	0.0143732
pR	493.593799	75.000000	0.218715	0.0143743
pR	495.191846	75.000000	0.218548	0.014371
pR	496.789795	75.000000	0.218525	0.0143705
pR	498.387744	75.000000	0.219494	0.0143899
pR	499.985693	75.000000	0.219952	0.014399
pR	501.583594	75.000000	0.21967	0.0143934
pR	503.181445	75.000000	0.220247	0.0144049
pR	504.779248	75.000000	0.21984	0.0143968
pR	506.377051	75.000000	0.220077	0.0144015
pR	507.974805	75.000000	0.219264	0.0143853
pR	509.572510	75.000000	0.220062	0.0144012
pR	511.170215	75.000000	0.220008	0.0144002
pR	512.767871	75.000000	0.220346	0.0144069
pR	514.365479	75.000000	0.220205	0.0144041
pR	515.963037	75.000000	0.22012	0.0144024
pR	517.560596	75.000000	0.220184	0.0144037
pR	519.158105	75.000000	0.220979	0.0144196
pR	520.755566	75.000000	0.221519	0.0144304
pR	522.353027	75.000000	0.220876	0.0144175
pR	523.950391	75.000000	0.221256	0.0144251
pR	525.547754	75.000000	0.22146	0.0144292
pR	527.145068	75.000000	0.220568	0.0144114
pR	528.742383	75.000000	0.221169	0.0144234
pR	530.339600	75.000000	0.221222	0.0144244
pR	531.936816	75.000000	0.221404	0.0144281
pR	533.533984	75.000000	0.221704	0.0144341
pR	535.131104	75.000000	0.221578	0.0144316
pR	536.728174	75.000000	0.221358	0.0144272
pR	538.325244	75.000000	0.22114	0.0144228
pR	539.922266	75.000000	0.221902	0.014438
pR	541.519189	75.000000	0.221756	0.0144351
pR	543.116113	75.000000	0.221688	0.0144338
pR	544.712988	75.000000	0.22158	0.0144316
pR	546.309863	75.000000	0.22143	0.0144286
pR	547.906641	75.000000	0.221499	0.01443
pR	549.503369	75.000000	0.221927	0.0144385
pR	551.100098	75.000000	0.221577	0.0144316
pR	552.696777	75.000000	0.221118	0.0144224
pR	554.293359	75.000000	0.221462	0.0144292
pR	555.889941	75.000000	0.221554	0.0144311
pR	557.486475	75.000000	0.221631	0.0144326
pR	559.082959	75.000000	0.221438	0.0144288
pR	560.679395	75.000000	0.221119	0.0144224
pR	562.275830	75.000000	0.221225	0.0144245
pR	563.872168	75.000000	0.221441	0.0144288
pR	565.468457	75.000000	0.22159	0.0144318
pR	567.064697	75.000000	0.221393	0.0144279
pR	568.660938	75.000000	0.221724	0.0144345
pR	570.257080	75.000000	0.221482	0.0144296
pR	571.853223	75.000000	0.221574	0.0144315
pR	573.449268	75.000000	0.221276	0.0144255
pR	575.045313	75.000000	0.221229	0.0144246
pR	576.641260	75.000000	0.221025	0.0144205
pR	578.237207	75.000000	0.220672	0.0144134
pR	579.833057	75.000000	0.221041	0.0144208
pR	581.428857	75.000000	0.221017	0.0144203
pR	583.024658	75.000000	0.221019	0.0144204
pR	584.620361	75.000000	0.220345	0.0144069
pR	586.216064	75.000000	0.220946	0.0144189
pR	587.811670	75.000000	0.221139	0.0144228
pR	589.407227	75.000000	0.220633	0.0144127
pR	591.002734	75.000000	0.220407	0.0144081
pR	592.598193	75.000000	0.220842	0.0144168
pR	594.193604	75.000000	0.220744	0.0144149
pR	595.788965	75.000000	0.220184	0.0144037
pR	597.384277	75.000000	0.220128	0.0144026
pR	598.979541	75.000000	0.219674	0.0143935
pR	600.574756	75.000000	0.220272	0.0144054
pR	602.169873	75.000000	0.220386	0.0144077
pR	603.764990	75.000000	0.220187	0.0144037
pR	605.360010	75.000000	0.220633	0.0144127
pR	606.954980	75.000000	0.220721	0.0144144
pR	608.549902	75.000000	0.219764	0.0143953
pR	610.144775	75.000000	0.21971	0.0143942
pR	611.739600	75.000000	0.219817	0.0143963
pR	613.334375	75.000000	0.219812	0.0143962
pR	614.929053	75.000000	0.220701	0.014414
pR	616.523730	75.000000	0.220007	0.0144001
pR	618.118311	75.000000	0.219275	0.0143855
pR	619.712842	75.000000	0.219698	0.014394
pR	621.307275	75.000000	0.219912	0.0143982
pR	622.901709	75.000000	0.219936	0.0143987
pR	624.496045	75.000000	0.219744	0.0143949
pR	626.090381	75.000000	0.219079	0.0143816
pR	627.684570	75.000000	0.219269	0.0143854
pR	629.278760	75.000000	0.21893	0.0143786
pR	630.872900	75.000000	0.21871	0.0143742
pR	632.466943	75.000000	0.219541	0.0143908
pR	634.060938	75.000000	0.219302	0.014386
pR	635.654883	75.000000	0.218998	0.01438
pR	637.248730	75.000000	0.218808	0.0143762
pR	638.842529	75.000000	0.219323	0.0143865
pR	640.436279	75.000000	0.219057	0.0143811
pR	642.029980	75.000000	0.219248	0.014385
pR	643.623584	75.000000	0.218887	0.0143777
pR	645.217139	75.000000	0.219085	0.0143817
pR	646.810645	75.000000	0.218995	0.0143799
pR	648.404053	75.000000	0.21916	0.0143832
pR	649.997412	75.000000	0.21883	0.0143766
pR	651.590723	75.000000	0.219196	0.0143839
pR	653.183984	75.000000	0.219107	0.0143821
pR	654.777148	75.000000	0.218751	0.014375
pR	656.370264	75.000000	0.218901	0.014378
pR	657.963281	75.000000	0.219048	0.014381
pR	659.556250	75.000000	0.219244	0.0143849
pR	661.149170	75.000000	0.219579	0.0143916
pR	662.741992	75.000000	0.219671	0.0143934
pR	664.334766	75.000000	0.219837	0.0143967
pR	665.927490	75.000000	0.219116	0.0143823
pR	667.520117	75.000000	0.219281	0.0143856
pR	669.112695	75.000000	0.218492	0.0143698
pR	670.705176	75.000000	0.21867	0.0143734
pR	672.297607	75.000000	0.21853	0.0143706
pR	673.889990	75.000000	0.219533	0.0143907
pR	675.482275	75.000000	0.219358	0.0143872
pR	677.074512	75.000000	0.219343	0.0143869
pR	678.666650	75.000000	0.220222	0.0144044
pR	680.258740	75.000000	0.218622	0.0143724
pR	681.850732	75.000000	0.218276	0.0143655
pR	683.442676	75.000000	0.218515	0.0143703
pR	685.034521	75.000000	0.218996	0.0143799
pR	686.626318	75.000000	0.219237	0.0143847
pR	688.218066	75.000000	0.21924	0.0143848
pR	689.809717	75.000000	0.218874	0.0143775
pR	691.401270	75.000000	0.219799	0.014396
pR	692.992773	75.000000	0.219358	0.0143872
pR	694.584229	75.000000	0.219382	0.0143876
pR	696.175586	75.000000	0.219292	0.0143858
pR	697.766846	75.000000	0.219861	0.0143972
pR	699.358057	75.000000	0.220074	0.0144015
pR	700.949170	75.000000	0.219805	0.0143961
pR	702.540234	75.000000	0.21986	0.0143972
pR	704.131201	75.000000	0.219304	0.0143861
pR	705.722119	75.000000	0.219331	0.0143866
pR	707.312939	75.000000	0.220185	0.0144037
pR	708.903711	75.000000	0.220422	0.0144084
pR	710.494385	75.000000	0.220605	0.0144121
pR	712.084961	75.000000	0.220486	0.0144097
pR	713.675488	75.000000	0.219698	0.014394
pR	715.265918	75.000000	0.219125	0.0143825
pR	716.856299	75.000000	0.219797	0.0143959
pR	718.446582	75.000000	0.219977	0.0143995
pR	720.036768	75.000000	0.219273	0.0143855
pR	721.626904	75.000000	0.220289	0.0144058
pR	723.216943	75.000000	0.220822	0.0144164
pR	724.806885	75.000000	0.220676	0.0144135
pR	726.396777	75.000000	0.220573	0.0144115
pR	727.986572	75.000000	0.219872	0.0143974
pR	729.576318	75.000000	0.219564	0.0143913
pR	731.165967	75.000000	0.219857	0.0143971
pR	732.755518	75.000000	0.219831	0.0143966
pR	734.344971	75.000000	0.220669	0.0144134
pR	735.934375	75.000000	0.220936	0.0144187
pR	737.523682	75.000000	0.220399	0.014408
pR	739.112891	75.000000	0.221183	0.0144237
pR	740.702051	75.000000	0.220303	0.0144061
pR	742.291113	75.000000	0.220811	0.0144162
pR	743.880078	75.000000	0.219851	0.014397
pR	745.468994	75.000000	0.219772	0.0143954
pR	747.057764	75.000000	0.21949	0.0143898
pR	748.646484	75.000000	0.220451	0.014409
pR	750.235156	75.000000	0.220457	0.0144091
pR	751.823682	75.000000	0.220354	0.0144071
pR	753.412158	75.000000	0.22077	0.0144154
pR	755.000537	75.000000	0.220771	0.0144154
pR	756.588818	75.000000	0.220299	0.014406
pR	758.177002	75.000000	0.220945	0.0144189
pR	759.765137	75.000000	0.221695	0.0144339
pR	761.353125	75.000000	0.221775	0.0144355
pR	762.941064	75.000000	0.221367	0.0144273
pR	764.528906	75.000000	0.2219	0.014438
pR	766.116699	75.000000	0.221462	0.0144292
pR	767.704346	75.000000	0.221627	0.0144325
pR	769.291943	75.000000	0.221182	0.0144236
pR	770.879443	75.000000	0.220681	0.0144136
pR	772.466846	75.000000	0.221485	0.0144297
pR	774.054150	75.000000	0.221462	0.0144292
pR	775.641357	75.000000	0.221918	0.0144384
pR	777.228467	75.000000	0.221566	0.0144313
pR	778.815527	75.000000	0.222769	0.0144554
pR	780.402441	75.000000	0.221497	0.0144299
pR	781.989307	75.000000	0.221183	0.0144237
pR	783.576074	75.000000	0.221829	0.0144366
pR	785.162744	75.000000	0.222652	0.014453
pR	786.749316	75.000000	0.222623	0.0144525
pR	788.335791	75.000000	0.221948	0.014439
pR	789.922168	75.000000	0.22123	0.0144246
pR	791.508447	75.000000	0.222159	0.0144432
pR	793.094629	75.000000	0.221674	0.0144335
pR	794.680762	75.000000	0.22231	0.0144462
pR	796.266748	75.000000	0.221683	0.0144337
pR	797.852637	75.000000	0.223257	0.0144651
pR	799.438477	75.000000	0.222845	0.0144569
pR	801.024170	75.000000	0.223152	0.014463
pR	802.609814	75.000000	0.222693	0.0144539
pR	804.195313	75.000000	0.22345	0.014469
pR	805.780762	75.000000	0.223684	0.0144737
pR	807.366064	75.000000	0.223562	0.0144712
pR	808.951318	75.000000	0.223109	0.0144622
pR	810.536426	75.000000	0.223034	0.0144607
pR	812.121484	75.000000	0.223807	0.0144761
pR	813.706396	75.000000	0.22215	0.014443
pR	815.291211	75.000000	0.223103	0.0144621
pR	816.875977	75.000000	0.22246	0.0144492
pR	818.460596	75.000000	0.223992	0.0144798
pR	820.045117	75.000000	0.223142	0.0144628
pR	821.629590	75.000000	0.223834	0.0144767
pR	823.213867	75.000000	0.223932	0.0144786
pR	824.798145	75.000000	0.224217	0.0144843
pR	826.382227	75.000000	0.224337	0.0144867
pR	827.966211	75.000000	0.224436	0.0144887
pR	829.550195	75.000000	0.224886	0.0144977
pR	831.133984	75.000000	0.224479	0.0144896
pR	832.717676	75.000000	0.223731	0.0144746
pR	834.301270	75.000000	0.223855	0.0144771
pR	835.884863	75.000000	0.224944	0.0144989
pR	837.468262	75.000000	0.224968	0.0144994
pR	839.051563	75.000000	0.224449	0.014489
pR	840.634668	75.000000	0.225422	0.0145084
pR	842.217773	75.000000	0.225206	0.0145041
pR	843.800781	75.000000	0.226036	0.0145207
pR	845.383691	75.000000	0.225768	0.0145154
pR	846.966406	75.000000	0.224097	0.0144819
pR	848.549121	75.000000	0.224173	0.0144835
pR	850.131641	75.000000	0.224928	0.0144986
pR	851.714063	75.000000	0.226055	0.0145211
pR	853.296484	75.000000	0.22657	0.0145314
pR	854.878711	75.000000	0.226568	0.0145314
pR	856.460840	75.000000	0.226577	0.0145315
pR	858.042773	75.000000	0.226028	0.0145206
pR	859.624707	75.000000	0.225878	0.0145176
pR	861.206543	75.000000	0.224944	0.0144989
pR	862.788184	75.000000	0.225764	0.0145153
pR	864.369824	75.000000	0.226158	0.0145232
pR	865.951270	75.000000	0.226827	0.0145365
pR	867.532617	75.000000	0.226188	0.0145238
pR	869.113867	75.000000	0.226484	0.0145297
pR	870.695020	75.000000	0.225801	0.014516
pR	872.275977	75.000000	0.226695	0.0145339
pR	873.856934	75.000000	0.227046	0.0145409
pR	875.437695	75.000000	0.226512	0.0145302
pR	877.018359	75.000000	0.225268	0.0145054
pR	878.599023	75.000000	0.226257	0.0145251
pR	880.179395	75.000000	0.226782	0.0145356
pR	881.759766	75.000000	0.227553	0.0145511
pR	883.340039	75.000000	0.227783	0.0145557
pR	884.920117	75.000000	0.227888	0.0145578
pR	886.500098	75.000000	0.227113	0.0145423
pR	888.079980	75.000000	0.228023	0.0145605
pR	889.659766	75.000000	0.228712	0.0145742
pR	891.239453	75.000000	0.227177	0.0145435
pR	892.818945	75.000000	0.228192	0.0145638
pR	894.398438	75.000000	0.22794	0.0145588
pR	895.977734	75.000000	0.227133	0.0145427
pR	897.556934	75.000000	0.228399	0.014568
pR	899.135938	75.000000	0.229736	0.0145947
pR	900.714941	75.000000	0.22804	0.0145608
pR	902.293750	75.000000	0.229291	0.0145858
pR	903.872461	75.000000	0.230298	0.014606
pR	905.451074	75.000000	0.229394	0.0145879
pR	907.029590	75.000000	0.228666	0.0145733
pR	908.607910	75.000000	0.228806	0.0145761
pR	910.186133	75.000000	0.230024	0.0146005
pR	911.764258	75.000000	0.229177	0.0145835
pR	913.342285	75.000000	0.229448	0.014589
pR	914.920117	75.000000	0.23096	0.0146192
pR	916.497852	75.000000	0.230442	0.0146088
pR	918.075488	75.000000	0.229093	0.0145819
pR	919.653027	75.000000	0.229845	0.0145969
pR	921.230469	75.000000	0.230622	0.0146124
pR	922.807715	75.000000	0.231818	0.0146364
pR	924.384863	75.000000	0.231989	0.0146398
pR	925.961914	75.000000	0.23071	0.0146142
pR	927.538770	75.000000	0.231262	0.0146252
pR	929.115527	75.000000	0.230055	0.0146011
pR	930.692188	75.000000	0.231991	0.0146398
pR	932.268750	75.000000	0.232062	0.0146412
pR	933.845117	75.000000	0.23243	0.0146486
pR	935.421387	75.000000	0.233245	0.0146649
pR	936.997559	75.000000	0.232335	0.0146467
pR	938.573535	75.000000	0.233121	0.0146624
pR	940.149414	75.000000	0.234107	0.0146821
pR	941.725195	75.000000	0.234553	0.0146911
pR	943.300879	75.000000	0.234802	0.014696
pR	944.876367	75.000000	0.235503	0.0147101
pR	946.451758	75.000000	0.233991	0.0146798
pR	948.027051	75.000000	0.233671	0.0146734
pR	949.602148	75.000000	0.235555	0.0147111
pR	951.177148	75.000000	0.23428	0.0146856
pR	952.752051	75.000000	0.235868	0.0147174
pR	954.326758	75.000000	0.235222	0.0147044
pR	955.901367	75.000000	0.236177	0.0147235
pR	957.475879	75.000000	0.236071	0.0147214
pR	959.050195	75.000000	0.234546	0.0146909
pR	960.624512	75.000000	0.233369	0.0146674
pR	962.198535	75.000000	0.233604	0.0146721
pR	963.772559	75.000000	0.235752	0.014715
pR	965.346387	75.000000	0.236169	0.0147234
pR	966.920020	75.000000	0.235143	0.0147029
pR	968.493652	75.000000	0.235329	0.0147066
pR	970.066992	75.000000	0.234831	0.0146966
pR	971.640332	75.000000	0.237279	0.0147456
pR	973.213477	75.000000	0.236544	0.0147309
pR	974.786523	75.000000	0.236062	0.0147212
pR	976.359473	75.000000	0.236555	0.0147311
pR	977.932227	75.000000	0.235118	0.0147024
pR	979.504785	75.000000	0.23459	0.0146918
pR	981.077344	75.000000	0.23597	0.0147194
pR	982.649707	75.000000	0.237165	0.0147433
pR	984.221875	75.000000	0.237151	0.014743
pR	985.793945	75.000000	0.236184	0.0147237
pR	987.365918	75.000000	0.236166	0.0147233
pR	988.937793	75.000000	0.237008	0.0147402
pR	990.509375	75.000000	0.236481	0.0147296
pR	992.080957	75.000000	0.239041	0.0147808
pR	993.652344	75.000000	0.237322	0.0147464
pR	995.223633	75.000000	0.239431	0.0147886
pR	996.794727	75.000000	0.237475	0.0147495
pR	998.365723	75.000000	0.239516	0.0147903
pR	999.936523	75.000000	0.240119	0.0148024
pR	1012.422852	75.000000	0.23619	0.0147238
pR	1015.876367	75.000000	0.237004	0.0147401
pR	1019.329297	75.000000	0.235854	0.0147171
pR	1022.781836	75.000000	0.237144	0.0147429
pR	1026.233691	75.000000	0.235977	0.0147195
pR	1029.685059	75.000000	0.237524	0.0147505
pR	1033.135938	75.000000	0.237706	0.0147541
pR	1036.586230	75.000000	0.238292	0.0147658
pR	1040.036035	75.000000	0.239643	0.0147929
pR	1043.485352	75.000000	0.240373	0.0148075
pR	1046.934082	75.000000	0.238529	0.0147706
pR	1050.382324	75.000000	0.239812	0.0147962
pR	1053.830078	75.000000	0.239215	0.0147843
pR	1057.277344	75.000000	0.239687	0.0147937
pR	1060.724121	75.000000	0.240827	0.0148165
pR	1064.170410	75.000000	0.242174	0.0148435
pR	1067.616113	75.000000	0.243832	0.0148766
pR	1071.061426	75.000000	0.242732	0.0148546
pR	1074.506250	75.000000	0.24479	0.0148958
pR	1077.950586	75.000000	0.242855	0.0148571
pR	1081.394434	75.000000	0.24647	0.0149294
pR	1084.837891	75.000000	0.242446	0.0148489
pR	1088.280762	75.000000	0.249211	0.0149842
pR	1091.723242	75.000000	0.244298	0.014886
pR	1095.165332	75.000000	0.251545	0.0150309
pR	1098.606836	75.000000	0.246252	0.014925
pR	1102.047949	75.000000	0.252765	0.0150553
pR	1105.488672	75.000000	0.245566	0.0149113
pR	1108.928906	75.000000	0.251786	0.0150357
pR	1112.368750	75.000000	0.245308	0.0149062
pR	1115.808105	75.000000	0.25269	0.0150538
pR	1119.247070	75.000000	0.24766	0.0149532
pR	1122.685645	75.000000	0.256449	0.015129
pR	1126.123730	75.000000	0.249918	0.0149984
pR	1129.561426	75.000000	0.25759	0.0151518
pR	1132.998730	75.000000	0.251611	0.0150322
pR	1136.435645	75.000000	0.256505	0.0151301
pR	1139.872168	75.000000	0.251264	0.0150253
pR	1143.308203	75.000000	0.257592	0.0151518
pR	1146.743945	75.000000	0.253723	0.0150745
pR	1150.179297	75.000000	0.259199	0.015184
pR	1153.614258	75.000000	0.257	0.01514
pR	1157.048828	75.000000	0.26113	0.0152226
pR	1160.483008	75.000000	0.257482	0.0151496
pR	1163.916797	75.000000	0.261278	0.0152256
pR	1167.350195	75.000000	0.2577	0.015154
pR	1170.783301	75.000000	0.260277	0.0152055
pR	1174.216016	75.000000	0.257576	0.0151515
pR	1177.648438	75.000000	0.26121	0.0152242
pR	1181.080469	75.000000	0.258205	0.0151641
pR	1184.512109	75.000000	0.264213	0.0152843
pR	1187.943457	75.000000	0.26263	0.0152526
pR	1191.374512	75.000000	0.265411	0.0153082
pR	1194.805176	75.000000	0.262098	0.015242
pR	1198.235547	75.000000	0.265038	0.0153008
pR	1201.665527	75.000000	0.26194	0.0152388
pR	1205.095215	75.000000	0.263971	0.0152794
pR	1208.524609	75.000000	0.261384	0.0152277
pR	1211.953711	75.000000	0.264295	0.0152859
pR	1215.382422	75.000000	0.262839	0.0152568
pR	1218.810938	75.000000	0.267102	0.015342
pR	1222.239063	75.000000	0.265571	0.0153114
pR	1225.666895	75.000000	0.267824	0.0153565
pR	1229.094531	75.000000	0.265681	0.0153136
pR	1232.521777	75.000000	0.267667	0.0153533
pR	1235.948828	75.000000	0.264509	0.0152902
pR	1239.375586	75.000000	0.267698	0.015354
pR	1242.801953	75.000000	0.263395	0.0152679
pR	1246.228223	75.000000	0.268008	0.0153602
pR	1249.654102	75.000000	0.264089	0.0152818
pR	1253.079785	75.000000	0.268387	0.0153677
pR	1256.505176	75.000000	0.267362	0.0153472
pR	1259.930273	75.000000	0.272351	0.015447
pR	1263.355273	75.000000	0.268603	0.0153721
pR	1266.779883	75.000000	0.271356	0.0154271
pR	1270.204297	75.000000	0.268081	0.0153616
pR	1273.628516	75.000000	0.271575	0.0154315
pR	1277.052441	75.000000	0.268008	0.0153602
pR	1280.476172	75.000000	0.270471	0.0154094
pR	1283.899609	75.000000	0.267506	0.0153501
pR	1287.322949	75.000000	0.271957	0.0154391
pR	1290.745996	75.000000	0.268553	0.0153711
pR	1294.168848	75.000000	0.273917	0.0154783
pR	1297.591504	75.000000	0.27178	0.0154356
pR	1301.013965	75.000000	0.277855	0.0155571
pR	1304.436230	75.000000	0.271795	0.0154359
pR	1307.858301	75.000000	0.274394	0.0154879
pR	1311.280078	75.000000	0.269877	0.0153975
pR	1314.701758	75.000000	0.271955	0.0154391
pR	1318.123340	75.000000	0.269088	0.0153818
pR	1321.544629	75.000000	0.272333	0.0154467
pR	1324.965723	75.000000	0.270664	0.0154133
pR	1328.386719	75.000000	0.273777	0.0154755
pR	1331.807520	75.000000	0.271121	0.0154224
pR	1335.228223	75.000000	0.276921	0.0155384
pR	1338.648730	75.000000	0.27415	0.015483
pR	1342.069043	75.000000	0.278635	0.0155727
pR	1345.489258	75.000000	0.275073	0.0155015
pR	1348.909277	75.000000	0.27887	0.0155774
pR	1352.329199	75.000000	0.271126	0.0154225
pR	1355.749023	75.000000	0.275917	0.0155183
pR	1359.168652	75.000000	0.267718	0.0153544
pR	1362.588184	75.000000	0.274939	0.0154988
pR	1366.007617	75.000000	0.266736	0.0153347
pR	1369.426855	75.000000	0.276314	0.0155263
pR	1372.845996	75.000000	0.269286	0.0153857
pR	1376.265039	75.000000	0.278798	0.015576
pR	1379.684082	75.000000	0.274191	0.0154838
pR	1383.102930	75.000000	0.282899	0.015658
pR	1386.521680	75.000000	0.277286	0.0155457
pR	1389.940332	75.000000	0.281198	0.015624
pR	1393.358887	75.000000	0.273083	0.0154617
pR	1396.777344	75.000000	0.28014	0.0156028
pR	1400.195801	75.000000	0.271048	0.015421
pR	1403.614063	75.000000	0.277943	0.0155589
pR	1407.032324	75.000000	0.271458	0.0154292
pR	1410.450586	75.000000	0.280374	0.0156075
pR	1413.868652	75.000000	0.269827	0.0153966
pR	1417.286719	75.000000	0.280942	0.0156188
pR	1420.704785	75.000000	0.273156	0.0154631
pR	1424.122754	75.000000	0.283601	0.015672
pR	1427.540625	75.000000	0.277036	0.0155407
pR	1430.958496	75.000000	0.287085	0.0157417
pR	1434.376367	75.000000	0.27843	0.0155686
pR	1437.794141	75.000000	0.287356	0.0157471
pR	1441.211914	75.000000	0.277645	0.0155529
pR	1444.629688	75.000000	0.284055	0.0156811
pR	1448.047363	75.000000	0.274671	0.0154934
pR	1451.465039	75.000000	0.282391	0.0156478
pR	1454.882813	75.000000	0.272932	0.0154586
pR	1458.300488	75.000000	0.282287	0.0156457
pR	1461.718164	75.000000	0.273955	0.0154791
pR	1465.135840	75.000000	0.284677	0.0156935
pR	1468.553516	75.000000	0.275919	0.0155184
pR	1471.971191	75.000000	0.288967	0.0157793
pR	1475.388867	75.000000	0.280024	0.0156005
pR	1478.806543	75.000000	0.290148	0.015803
pR	1482.224316	75.000000	0.281888	0.0156378
pR	1485.642090	75.000000	0.289386	0.0157877
pR	1489.059863	75.000000	0.280565	0.0156113
pR	1492.477734	75.000000	0.287544	0.0157509
pR	1495.895508	75.000000	0.277704	0.0155541
pR	1499.313477	75.000000	0.285189	0.0157038
pR	1502.731445	75.000000	0.278127	0.0155625
pR	1506.149414	75.000000	0.286498	0.01573
pR	1509.567480	75.000000	0.278492	0.0155698
pR	1512.985547	75.000000	0.284973	0.0156995
pR	1516.403711	75.000000	0.280189	0.0156038
pR	1519.821973	75.000000	0.289924	0.0157985
pR	1523.240234	75.000000	0.284995	0.0156999
pR	1526.658691	75.000000	0.290997	0.0158199
pR	1530.077148	75.000000	0.28494	0.0156988
pR	1533.495703	75.000000	0.293469	0.0158694
pR	1536.914258	75.000000	0.287106	0.0157421
pR	1540.333008	75.000000	0.294353	0.0158871
pR	1543.751855	75.000000	0.288324	0.0157665
pR	1547.170801	75.000000	0.289254	0.0157851
pR	1550.589844	75.000000	0.282123	0.0156425
pR	1554.008887	75.000000	0.289361	0.0157872
pR	1557.428223	75.000000	0.280635	0.0156127
pR	1560.847559	75.000000	0.288522	0.0157704
pR	1564.266992	75.000000	0.281927	0.0156385
pR	1567.686621	75.000000	0.289134	0.0157827
pR	1571.106348	75.000000	0.284732	0.0156946
pR	1574.526270	75.000000	0.288182	0.0157636
pR	1577.946289	75.000000	0.289573	0.0157915
pR	1581.366406	75.000000	0.287082	0.0157416
pR	1584.786719	75.000000	0.288507	0.0157701
pR	1588.207227	75.000000	0.289382	0.0157876
pR	1591.627832	75.000000	0.290632	0.0158126
pR	1595.048535	75.000000	0.290625	0.0158125
pR	1598.469531	75.000000	0.290665	0.0158133
pR	1601.890625	75.000000	0.287765	0.0157553
pR	1605.311816	75.000000	0.291013	0.0158203
pR	1608.733301	75.000000	0.287909	0.0157582
pR	1612.154883	75.000000	0.286659	0.0157332
pR	1615.576758	75.000000	0.285635	0.0157127
pR	1618.998730	75.000000	0.287335	0.0157467
pR	1622.420898	75.000000	0.284829	0.0156966
pR	1625.843262	75.000000	0.284908	0.0156982
pR	1629.265918	75.000000	0.286834	0.0157367
pR	1632.688672	75.000000	0.292034	0.0158407
pR	1636.111719	75.000000	0.293205	0.0158641
pR	1639.534961	75.000000	0.293171	0.0158634
pR	1642.958398	75.000000	0.292505	0.0158501
pR	1646.382031	75.000000	0.294736	0.0158947
pR	1649.805859	75.000000	0.298365	0.0159673
pR	1653.230078	75.000000	0.294997	0.0158999
pR	1656.654297	75.000000	0.296796	0.0159359
pR	1660.078906	75.000000	0.295527	0.0159105
pR	1663.503711	75.000000	0.297013	0.0159403
pR	1666.928906	75.000000	0.291986	0.0158397
pR	1670.354102	75.000000	0.291215	0.0158243
pR	1673.779688	75.000000	0.292885	0.0158577
pR	1677.205664	75.000000	0.294961	0.0158992
pR	1680.631641	75.000000	0.292764	0.0158553
pR	1684.058008	75.000000	0.291241	0.0158248
pR	1687.484766	75.000000	0.295804	0.0159161
pR	1690.911719	75.000000	0.293844	0.0158769
pR	1694.338867	75.000000	0.30078	0.0160156
pR	1697.766406	75.000000	0.295021	0.0159004