Ta metal s-polarized reflection 12062006
RTmethod[PolRT=89.92, RevsRT=40, WVASE=3.616, HardVer=17.034, Wed Dec 06 16:07:53 2006]
Original[ta_metal_s_ref_12062006.dat]
nm
sR	245.732520	65.000000	0.576877	0.0215375
sR	247.331348	65.000000	0.576861	0.0215372
sR	248.930176	65.000000	0.576342	0.0215268
sR	250.529053	65.000000	0.57686	0.0215372
sR	252.127954	65.000000	0.576068	0.0215214
sR	253.726855	65.000000	0.577897	0.0215579
sR	255.325781	65.000000	0.578098	0.021562
sR	256.924731	65.000000	0.577408	0.0215482
sR	258.523706	65.000000	0.57754	0.0215508
sR	260.122681	65.000000	0.578404	0.0215681
sR	261.721680	65.000000	0.581541	0.0216308
sR	263.320703	65.000000	0.580894	0.0216179
sR	264.919751	65.000000	0.581975	0.0216395
sR	266.518799	65.000000	0.582211	0.0216442
sR	268.117871	65.000000	0.585318	0.0217064
sR	269.716968	65.000000	0.585812	0.0217162
sR	271.316089	65.000000	0.586581	0.0217316
sR	272.915210	65.000000	0.589288	0.0217858
sR	274.514331	65.000000	0.591864	0.0218373
sR	276.113501	65.000000	0.592351	0.021847
sR	277.712646	65.000000	0.595618	0.0219124
sR	279.311841	65.000000	0.5943	0.021886
sR	280.911035	65.000000	0.597742	0.0219548
sR	282.510254	65.000000	0.59641	0.0219282
sR	284.109473	65.000000	0.597926	0.0219585
sR	285.708716	65.000000	0.602371	0.0220474
sR	287.307959	65.000000	0.601044	0.0220209
sR	288.907202	65.000000	0.606193	0.0221239
sR	290.506494	65.000000	0.605353	0.0221071
sR	292.105762	65.000000	0.607687	0.0221537
sR	293.705078	65.000000	0.610225	0.0222045
sR	295.304370	65.000000	0.608363	0.0221673
sR	296.903687	65.000000	0.612054	0.0222411
sR	298.503027	65.000000	0.615135	0.0223027
sR	300.102368	65.000000	0.61678	0.0223356
sR	301.701709	65.000000	0.615354	0.0223071
sR	303.301074	65.000000	0.616181	0.0223236
sR	304.900439	65.000000	0.622463	0.0224493
sR	306.499805	65.000000	0.61985	0.022397
sR	308.099194	65.000000	0.621158	0.0224232
sR	309.698584	65.000000	0.62525	0.022505
sR	311.297998	65.000000	0.625743	0.0225149
sR	312.897388	65.000000	0.628019	0.0225604
sR	314.496802	65.000000	0.626014	0.0225203
sR	316.096216	65.000000	0.629851	0.022597
sR	317.695654	65.000000	0.630674	0.0226135
sR	319.295093	65.000000	0.630087	0.0226017
sR	320.894531	65.000000	0.630222	0.0226044
sR	322.493970	65.000000	0.636625	0.0227325
sR	324.093408	65.000000	0.636484	0.0227297
sR	325.692871	65.000000	0.639344	0.0227869
sR	327.292334	65.000000	0.639806	0.0227961
sR	328.891797	65.000000	0.639307	0.0227861
sR	330.491260	65.000000	0.642113	0.0228423
sR	332.090723	65.000000	0.643453	0.0228691
sR	333.690186	65.000000	0.640117	0.0228023
sR	335.289673	65.000000	0.646463	0.0229293
sR	336.889136	65.000000	0.649091	0.0229818
sR	338.488623	65.000000	0.645205	0.0229041
sR	340.088110	65.000000	0.651049	0.023021
sR	341.687573	65.000000	0.648922	0.0229784
sR	343.287061	65.000000	0.648231	0.0229646
sR	344.886548	65.000000	0.649781	0.0229956
sR	346.486035	65.000000	0.653834	0.0230767
sR	348.085522	65.000000	0.653996	0.0230799
sR	349.684985	65.000000	0.657471	0.0231494
sR	351.284473	65.000000	0.656253	0.0231251
sR	352.883960	65.000000	0.653574	0.0230715
sR	354.483423	65.000000	0.656054	0.0231211
sR	356.082910	65.000000	0.654705	0.0230941
sR	357.682373	65.000000	0.65985	0.023197
sR	359.281860	65.000000	0.656534	0.0231307
sR	360.881323	65.000000	0.660198	0.023204
sR	362.480786	65.000000	0.662394	0.0232479
sR	364.080249	65.000000	0.660035	0.0232007
sR	365.679712	65.000000	0.661658	0.0232332
sR	367.279175	65.000000	0.662844	0.0232569
sR	368.878613	65.000000	0.665568	0.0233114
sR	370.478052	65.000000	0.664298	0.023286
sR	372.077490	65.000000	0.666368	0.0233274
sR	373.676929	65.000000	0.664522	0.0232904
sR	375.276367	65.000000	0.66601	0.0233202
sR	376.875781	65.000000	0.664888	0.0232978
sR	378.475195	65.000000	0.670771	0.0234154
sR	380.074609	65.000000	0.668093	0.0233619
sR	381.673999	65.000000	0.670644	0.0234129
sR	383.273389	65.000000	0.672977	0.0234595
sR	384.872778	65.000000	0.673102	0.023462
sR	386.472168	65.000000	0.673932	0.0234786
sR	388.071533	65.000000	0.674042	0.0234808
sR	389.670898	65.000000	0.67566	0.0235132
sR	391.270239	65.000000	0.673543	0.0234709
sR	392.869580	65.000000	0.673856	0.0234771
sR	394.468921	65.000000	0.674701	0.023494
sR	396.068237	65.000000	0.675065	0.0235013
sR	397.667554	65.000000	0.679393	0.0235879
sR	399.266846	65.000000	0.677885	0.0235577
sR	400.866138	65.000000	0.679688	0.0235938
sR	402.465405	65.000000	0.679915	0.0235983
sR	404.064673	65.000000	0.679635	0.0235927
sR	405.663916	65.000000	0.682165	0.0236433
sR	407.263159	65.000000	0.679744	0.0235949
sR	408.862378	65.000000	0.682953	0.0236591
sR	410.461572	65.000000	0.686067	0.0237213
sR	412.060791	65.000000	0.685853	0.0237171
sR	413.659961	65.000000	0.684865	0.0236973
sR	415.259131	65.000000	0.685244	0.0237049
sR	416.858301	65.000000	0.685533	0.0237107
sR	418.457422	65.000000	0.688162	0.0237632
sR	420.056592	65.000000	0.689668	0.0237934
sR	421.655664	65.000000	0.689448	0.023789
sR	423.254785	65.000000	0.690071	0.0238014
sR	424.853857	65.000000	0.690937	0.0238187
sR	426.452930	65.000000	0.691518	0.0238304
sR	428.051953	65.000000	0.693355	0.0238671
sR	429.650977	65.000000	0.692954	0.0238591
sR	431.250000	65.000000	0.691754	0.0238351
sR	432.848975	65.000000	0.693508	0.0238702
sR	434.447949	65.000000	0.695005	0.0239001
sR	436.046924	65.000000	0.695061	0.0239012
sR	437.645850	65.000000	0.696754	0.0239351
sR	439.244727	65.000000	0.697369	0.0239474
sR	440.843652	65.000000	0.696329	0.0239266
sR	442.442529	65.000000	0.697814	0.0239563
sR	444.041357	65.000000	0.698083	0.0239617
sR	445.640186	65.000000	0.70019	0.0240038
sR	447.239014	65.000000	0.700863	0.0240173
sR	448.837793	65.000000	0.70144	0.0240288
sR	450.436572	65.000000	0.703361	0.0240672
sR	452.035303	65.000000	0.704371	0.0240874
sR	453.634033	65.000000	0.703065	0.0240613
sR	455.232715	65.000000	0.703381	0.0240676
sR	456.831396	65.000000	0.705461	0.0241092
sR	458.430078	65.000000	0.706212	0.0241242
sR	460.028711	65.000000	0.706947	0.0241389
sR	461.627295	65.000000	0.707995	0.0241599
sR	463.225879	65.000000	0.707852	0.024157
sR	464.824463	65.000000	0.708698	0.024174
sR	466.422949	65.000000	0.710041	0.0242008
sR	468.021484	65.000000	0.710267	0.0242053
sR	469.619971	65.000000	0.709355	0.0241871
sR	471.218408	65.000000	0.709789	0.0241958
sR	472.816846	65.000000	0.711848	0.024237
sR	474.415234	65.000000	0.713477	0.0242695
sR	476.013623	65.000000	0.712786	0.0242557
sR	477.611963	65.000000	0.713408	0.0242682
sR	479.210254	65.000000	0.715393	0.0243079
sR	480.808545	65.000000	0.715051	0.024301
sR	482.406836	65.000000	0.716401	0.024328
sR	484.005029	65.000000	0.715738	0.0243147
sR	485.603271	65.000000	0.717354	0.0243471
sR	487.201416	65.000000	0.717488	0.0243498
sR	488.799561	65.000000	0.719185	0.0243837
sR	490.397656	65.000000	0.719646	0.0243929
sR	491.995752	65.000000	0.719031	0.0243806
sR	493.593799	65.000000	0.720229	0.0244046
sR	495.191846	65.000000	0.721114	0.0244223
sR	496.789795	65.000000	0.72201	0.0244402
sR	498.387744	65.000000	0.721316	0.0244263
sR	499.985693	65.000000	0.722317	0.0244463
sR	501.583594	65.000000	0.722951	0.024459
sR	503.181445	65.000000	0.724115	0.0244823
sR	504.779248	65.000000	0.723774	0.0244755
sR	506.377051	65.000000	0.724891	0.0244978
sR	507.974805	65.000000	0.725772	0.0245154
sR	509.572510	65.000000	0.727049	0.024541
sR	511.170215	65.000000	0.726954	0.0245391
sR	512.767871	65.000000	0.725773	0.0245155
sR	514.365479	65.000000	0.728242	0.0245648
sR	515.963037	65.000000	0.72929	0.0245858
sR	517.560596	65.000000	0.728481	0.0245696
sR	519.158105	65.000000	0.729326	0.0245865
sR	520.755566	65.000000	0.729015	0.0245803
sR	522.353027	65.000000	0.730923	0.0246185
sR	523.950391	65.000000	0.730023	0.0246005
sR	525.547754	65.000000	0.732003	0.0246401
sR	527.145068	65.000000	0.731665	0.0246333
sR	528.742383	65.000000	0.732601	0.024652
sR	530.339600	65.000000	0.732964	0.0246593
sR	531.936816	65.000000	0.734148	0.024683
sR	533.533984	65.000000	0.735268	0.0247054
sR	535.131104	65.000000	0.735316	0.0247063
sR	536.728174	65.000000	0.735265	0.0247053
sR	538.325244	65.000000	0.735534	0.0247107
sR	539.922266	65.000000	0.736873	0.0247375
sR	541.519189	65.000000	0.737338	0.0247468
sR	543.116113	65.000000	0.737198	0.024744
sR	544.712988	65.000000	0.736734	0.0247347
sR	546.309863	65.000000	0.736464	0.0247293
sR	547.906641	65.000000	0.737458	0.0247492
sR	549.503369	65.000000	0.739473	0.0247895
sR	551.100098	65.000000	0.738058	0.0247612
sR	552.696777	65.000000	0.738762	0.0247752
sR	554.293359	65.000000	0.739728	0.0247946
sR	555.889941	65.000000	0.739606	0.0247921
sR	557.486475	65.000000	0.740986	0.0248197
sR	559.082959	65.000000	0.742189	0.0248438
sR	560.679395	65.000000	0.742023	0.0248405
sR	562.275830	65.000000	0.741887	0.0248377
sR	563.872168	65.000000	0.742634	0.0248527
sR	565.468457	65.000000	0.743144	0.0248629
sR	567.064697	65.000000	0.742631	0.0248526
sR	568.660938	65.000000	0.741741	0.0248348
sR	570.257080	65.000000	0.743877	0.0248775
sR	571.853223	65.000000	0.743924	0.0248785
sR	573.449268	65.000000	0.742884	0.0248577
sR	575.045313	65.000000	0.744203	0.0248841
sR	576.641260	65.000000	0.744717	0.0248943
sR	578.237207	65.000000	0.745931	0.0249186
sR	579.833057	65.000000	0.74647	0.0249294
sR	581.428857	65.000000	0.745296	0.0249059
sR	583.024658	65.000000	0.745487	0.0249097
sR	584.620361	65.000000	0.746098	0.024922
sR	586.216064	65.000000	0.747373	0.0249475
sR	587.811670	65.000000	0.747982	0.0249596
sR	589.407227	65.000000	0.747719	0.0249544
sR	591.002734	65.000000	0.747698	0.024954
sR	592.598193	65.000000	0.746324	0.0249265
sR	594.193604	65.000000	0.747563	0.0249513
sR	595.788965	65.000000	0.748578	0.0249716
sR	597.384277	65.000000	0.748762	0.0249752
sR	598.979541	65.000000	0.747821	0.0249564
sR	600.574756	65.000000	0.748378	0.0249676
sR	602.169873	65.000000	0.749174	0.0249835
sR	603.764990	65.000000	0.749198	0.024984
sR	605.360010	65.000000	0.75072	0.0250144
sR	606.954980	65.000000	0.75139	0.0250278
sR	608.549902	65.000000	0.750917	0.0250183
sR	610.144775	65.000000	0.74951	0.0249902
sR	611.739600	65.000000	0.748792	0.0249758
sR	613.334375	65.000000	0.750675	0.0250135
sR	614.929053	65.000000	0.751674	0.0250335
sR	616.523730	65.000000	0.751339	0.0250268
sR	618.118311	65.000000	0.7517	0.025034
sR	619.712842	65.000000	0.752606	0.0250521
sR	621.307275	65.000000	0.751625	0.0250325
sR	622.901709	65.000000	0.752881	0.0250576
sR	624.496045	65.000000	0.752998	0.02506
sR	626.090381	65.000000	0.754019	0.0250804
sR	627.684570	65.000000	0.755199	0.025104
sR	629.278760	65.000000	0.755062	0.0251012
sR	630.872900	65.000000	0.752877	0.0250575
sR	632.466943	65.000000	0.753663	0.0250733
sR	634.060938	65.000000	0.755361	0.0251072
sR	635.654883	65.000000	0.755629	0.0251126
sR	637.248730	65.000000	0.755136	0.0251027
sR	638.842529	65.000000	0.75401	0.0250802
sR	640.436279	65.000000	0.756124	0.0251225
sR	642.029980	65.000000	0.754766	0.0250953
sR	643.623584	65.000000	0.75462	0.0250924
sR	645.217139	65.000000	0.755636	0.0251127
sR	646.810645	65.000000	0.757182	0.0251436
sR	648.404053	65.000000	0.75622	0.0251244
sR	649.997412	65.000000	0.755028	0.0251006
sR	651.590723	65.000000	0.756108	0.0251222
sR	653.183984	65.000000	0.757437	0.0251487
sR	654.777148	65.000000	0.757872	0.0251574
sR	656.370264	65.000000	0.757717	0.0251543
sR	657.963281	65.000000	0.756963	0.0251393
sR	659.556250	65.000000	0.758844	0.0251769
sR	661.149170	65.000000	0.75981	0.0251962
sR	662.741992	65.000000	0.759428	0.0251886
sR	664.334766	65.000000	0.759882	0.0251976
sR	665.927490	65.000000	0.758952	0.025179
sR	667.520117	65.000000	0.759419	0.0251884
sR	669.112695	65.000000	0.757918	0.0251584
sR	670.705176	65.000000	0.757936	0.0251587
sR	672.297607	65.000000	0.757125	0.0251425
sR	673.889990	65.000000	0.760245	0.0252049
sR	675.482275	65.000000	0.761125	0.0252225
sR	677.074512	65.000000	0.761871	0.0252374
sR	678.666650	65.000000	0.759847	0.0251969
sR	680.258740	65.000000	0.759791	0.0251958
sR	681.850732	65.000000	0.759513	0.0251903
sR	683.442676	65.000000	0.760173	0.0252035
sR	685.034521	65.000000	0.759623	0.0251925
sR	686.626318	65.000000	0.760141	0.0252028
sR	688.218066	65.000000	0.761505	0.0252301
sR	689.809717	65.000000	0.761299	0.025226
sR	691.401270	65.000000	0.762289	0.0252458
sR	692.992773	65.000000	0.76263	0.0252526
sR	694.584229	65.000000	0.763954	0.0252791
sR	696.175586	65.000000	0.765541	0.0253108
sR	697.766846	65.000000	0.764225	0.0252845
sR	699.358057	65.000000	0.763729	0.0252746
sR	700.949170	65.000000	0.763635	0.0252727
sR	702.540234	65.000000	0.762894	0.0252579
sR	704.131201	65.000000	0.764215	0.0252843
sR	705.722119	65.000000	0.766308	0.0253262
sR	707.312939	65.000000	0.766999	0.02534
sR	708.903711	65.000000	0.766589	0.0253318
sR	710.494385	65.000000	0.763039	0.0252608
sR	712.084961	65.000000	0.766178	0.0253236
sR	713.675488	65.000000	0.769272	0.0253854
sR	715.265918	65.000000	0.76471	0.0252942
sR	716.856299	65.000000	0.767676	0.0253535
sR	718.446582	65.000000	0.76631	0.0253262
sR	720.036768	65.000000	0.769029	0.0253806
sR	721.626904	65.000000	0.768376	0.0253675
sR	723.216943	65.000000	0.766216	0.0253243
sR	724.806885	65.000000	0.767555	0.0253511
sR	726.396777	65.000000	0.768841	0.0253768
sR	727.986572	65.000000	0.766254	0.0253251
sR	729.576318	65.000000	0.765525	0.0253105
sR	731.165967	65.000000	0.765587	0.0253117
sR	732.755518	65.000000	0.766587	0.0253317
sR	734.344971	65.000000	0.767005	0.0253401
sR	735.934375	65.000000	0.769014	0.0253803
sR	737.523682	65.000000	0.769097	0.0253819
sR	739.112891	65.000000	0.767894	0.0253579
sR	740.702051	65.000000	0.767414	0.0253483
sR	742.291113	65.000000	0.768244	0.0253649
sR	743.880078	65.000000	0.767594	0.0253519
sR	745.468994	65.000000	0.767599	0.025352
sR	747.057764	65.000000	0.770059	0.0254012
sR	748.646484	65.000000	0.769708	0.0253942
sR	750.235156	65.000000	0.768793	0.0253759
sR	751.823682	65.000000	0.770985	0.0254197
sR	753.412158	65.000000	0.770043	0.0254009
sR	755.000537	65.000000	0.770046	0.0254009
sR	756.588818	65.000000	0.769941	0.0253988
sR	758.177002	65.000000	0.770666	0.0254133
sR	759.765137	65.000000	0.77154	0.0254308
sR	761.353125	65.000000	0.770835	0.0254167
sR	762.941064	65.000000	0.769912	0.0253982
sR	764.528906	65.000000	0.773539	0.0254708
sR	766.116699	65.000000	0.773564	0.0254713
sR	767.704346	65.000000	0.772584	0.0254517
sR	769.291943	65.000000	0.771727	0.0254345
sR	770.879443	65.000000	0.773463	0.0254693
sR	772.466846	65.000000	0.774951	0.025499
sR	774.054150	65.000000	0.776575	0.0255315
sR	775.641357	65.000000	0.776374	0.0255275
sR	777.228467	65.000000	0.775555	0.0255111
sR	778.815527	65.000000	0.775259	0.0255052
sR	780.402441	65.000000	0.773749	0.025475
sR	781.989307	65.000000	0.77291	0.0254582
sR	783.576074	65.000000	0.776002	0.02552
sR	785.162744	65.000000	0.776272	0.0255254
sR	786.749316	65.000000	0.775566	0.0255113
sR	788.335791	65.000000	0.777607	0.0255521
sR	789.922168	65.000000	0.780047	0.0256009
sR	791.508447	65.000000	0.780042	0.0256008
sR	793.094629	65.000000	0.7762	0.025524
sR	794.680762	65.000000	0.774623	0.0254925
sR	796.266748	65.000000	0.775037	0.0255007
sR	797.852637	65.000000	0.775609	0.0255122
sR	799.438477	65.000000	0.777539	0.0255508
sR	801.024170	65.000000	0.77689	0.0255378
sR	802.609814	65.000000	0.777103	0.0255421
sR	804.195313	65.000000	0.77902	0.0255804
sR	805.780762	65.000000	0.780595	0.0256119
sR	807.366064	65.000000	0.779885	0.0255977
sR	808.951318	65.000000	0.776912	0.0255382
sR	810.536426	65.000000	0.776741	0.0255348
sR	812.121484	65.000000	0.77938	0.0255876
sR	813.706396	65.000000	0.777858	0.0255572
sR	815.291211	65.000000	0.7755	0.02551
sR	816.875977	65.000000	0.77812	0.0255624
sR	818.460596	65.000000	0.777515	0.0255503
sR	820.045117	65.000000	0.775459	0.0255092
sR	821.629590	65.000000	0.780571	0.0256114
sR	823.213867	65.000000	0.783395	0.0256679
sR	824.798145	65.000000	0.779255	0.0255851
sR	826.382227	65.000000	0.780631	0.0256126
sR	827.966211	65.000000	0.780328	0.0256066
sR	829.550195	65.000000	0.780367	0.0256073
sR	831.133984	65.000000	0.778729	0.0255746
sR	832.717676	65.000000	0.777958	0.0255592
sR	834.301270	65.000000	0.778571	0.0255714
sR	835.884863	65.000000	0.776836	0.0255367
sR	837.468262	65.000000	0.779385	0.0255877
sR	839.051563	65.000000	0.784117	0.0256823
sR	840.634668	65.000000	0.785195	0.0257039
sR	842.217773	65.000000	0.786079	0.0257216
sR	843.800781	65.000000	0.783913	0.0256783
sR	845.383691	65.000000	0.785521	0.0257104
sR	846.966406	65.000000	0.7827	0.025654
sR	848.549121	65.000000	0.778456	0.0255691
sR	850.131641	65.000000	0.782568	0.0256514
sR	851.714063	65.000000	0.78361	0.0256722
sR	853.296484	65.000000	0.785487	0.0257097
sR	854.878711	65.000000	0.783342	0.0256668
sR	856.460840	65.000000	0.784101	0.025682
sR	858.042773	65.000000	0.783093	0.0256619
sR	859.624707	65.000000	0.781156	0.0256231
sR	861.206543	65.000000	0.784088	0.0256818
sR	862.788184	65.000000	0.783068	0.0256614
sR	864.369824	65.000000	0.782675	0.0256535
sR	865.951270	65.000000	0.782842	0.0256568
sR	867.532617	65.000000	0.781535	0.0256307
sR	869.113867	65.000000	0.782363	0.0256473
sR	870.695020	65.000000	0.780633	0.0256127
sR	872.275977	65.000000	0.781582	0.0256316
sR	873.856934	65.000000	0.782872	0.0256574
sR	875.437695	65.000000	0.783414	0.0256683
sR	877.018359	65.000000	0.782942	0.0256588
sR	878.599023	65.000000	0.785662	0.0257132
sR	880.179395	65.000000	0.78669	0.0257338
sR	881.759766	65.000000	0.784115	0.0256823
sR	883.340039	65.000000	0.786095	0.0257219
sR	884.920117	65.000000	0.786455	0.0257291
sR	886.500098	65.000000	0.784391	0.0256878
sR	888.079980	65.000000	0.783351	0.025667
sR	889.659766	65.000000	0.783522	0.0256704
sR	891.239453	65.000000	0.784004	0.0256801
sR	892.818945	65.000000	0.783063	0.0256613
sR	894.398438	65.000000	0.787731	0.0257546
sR	895.977734	65.000000	0.787062	0.0257412
sR	897.556934	65.000000	0.783391	0.0256678
sR	899.135938	65.000000	0.785509	0.0257102
sR	900.714941	65.000000	0.786346	0.0257269
sR	902.293750	65.000000	0.786366	0.0257273
sR	903.872461	65.000000	0.78535	0.025707
sR	905.451074	65.000000	0.787347	0.0257469
sR	907.029590	65.000000	0.785853	0.0257171
sR	908.607910	65.000000	0.785711	0.0257142
sR	910.186133	65.000000	0.787619	0.0257524
sR	911.764258	65.000000	0.787059	0.0257412
sR	913.342285	65.000000	0.784832	0.0256966
sR	914.920117	65.000000	0.784922	0.0256984
sR	916.497852	65.000000	0.787798	0.025756
sR	918.075488	65.000000	0.789019	0.0257804
sR	919.653027	65.000000	0.788181	0.0257636
sR	921.230469	65.000000	0.786079	0.0257216
sR	922.807715	65.000000	0.785547	0.0257109
sR	924.384863	65.000000	0.787301	0.025746
sR	925.961914	65.000000	0.786827	0.0257365
sR	927.538770	65.000000	0.791988	0.0258398
sR	929.115527	65.000000	0.788195	0.0257639
sR	930.692188	65.000000	0.785609	0.0257122
sR	932.268750	65.000000	0.790814	0.0258163
sR	933.845117	65.000000	0.792826	0.0258565
sR	935.421387	65.000000	0.793993	0.0258799
sR	936.997559	65.000000	0.792854	0.0258571
sR	938.573535	65.000000	0.790395	0.0258079
sR	940.149414	65.000000	0.792956	0.0258591
sR	941.725195	65.000000	0.796832	0.0259366
sR	943.300879	65.000000	0.785623	0.0257125
sR	944.876367	65.000000	0.791869	0.0258374
sR	946.451758	65.000000	0.787402	0.025748
sR	948.027051	65.000000	0.786173	0.0257235
sR	949.602148	65.000000	0.78744	0.0257488
sR	951.177148	65.000000	0.789993	0.0257999
sR	952.752051	65.000000	0.791301	0.025826
sR	954.326758	65.000000	0.788983	0.0257797
sR	955.901367	65.000000	0.794162	0.0258832
sR	957.475879	65.000000	0.786917	0.0257383
sR	959.050195	65.000000	0.790339	0.0258068
sR	960.624512	65.000000	0.793086	0.0258617
sR	962.198535	65.000000	0.788997	0.0257799
sR	963.772559	65.000000	0.788363	0.0257673
sR	965.346387	65.000000	0.786416	0.0257283
sR	966.920020	65.000000	0.791568	0.0258314
sR	968.493652	65.000000	0.7964	0.025928
sR	970.066992	65.000000	0.792179	0.0258436
sR	971.640332	65.000000	0.797277	0.0259455
sR	973.213477	65.000000	0.79786	0.0259572
sR	974.786523	65.000000	0.79459	0.0258918
sR	976.359473	65.000000	0.794636	0.0258927
sR	977.932227	65.000000	0.796084	0.0259217
sR	979.504785	65.000000	0.795361	0.0259072
sR	981.077344	65.000000	0.793413	0.0258683
sR	982.649707	65.000000	0.797463	0.0259493
sR	984.221875	65.000000	0.798183	0.0259637
sR	985.793945	65.000000	0.796296	0.0259259
sR	987.365918	65.000000	0.795862	0.0259172
sR	988.937793	65.000000	0.797384	0.0259477
sR	990.509375	65.000000	0.797692	0.0259538
sR	992.080957	65.000000	0.799496	0.0259899
sR	993.652344	65.000000	0.798917	0.0259783
sR	995.223633	65.000000	0.7977	0.025954
sR	996.794727	65.000000	0.797424	0.0259485
sR	998.365723	65.000000	0.800571	0.0260114
sR	999.936523	65.000000	0.795875	0.0259175
sR	1012.422852	65.000000	0.777076	0.0255415
sR	1015.876367	65.000000	0.777642	0.0255528
sR	1019.329297	65.000000	0.777092	0.0255418
sR	1022.781836	65.000000	0.776584	0.0255317
sR	1026.233691	65.000000	0.7806	0.025612
sR	1029.685059	65.000000	0.777336	0.0255467
sR	1033.135938	65.000000	0.778617	0.0255723
sR	1036.586230	65.000000	0.779788	0.0255958
sR	1040.036035	65.000000	0.778953	0.0255791
sR	1043.485352	65.000000	0.779784	0.0255957
sR	1046.934082	65.000000	0.780194	0.0256039
sR	1050.382324	65.000000	0.780055	0.0256011
sR	1053.830078	65.000000	0.781446	0.0256289
sR	1057.277344	65.000000	0.780171	0.0256034
sR	1060.724121	65.000000	0.779117	0.0255823
sR	1064.170410	65.000000	0.781171	0.0256234
sR	1067.616113	65.000000	0.783286	0.0256657
sR	1071.061426	65.000000	0.780027	0.0256005
sR	1074.506250	65.000000	0.78234	0.0256468
sR	1077.950586	65.000000	0.780871	0.0256174
sR	1081.394434	65.000000	0.785028	0.0257006
sR	1084.837891	65.000000	0.781794	0.0256359
sR	1088.280762	65.000000	0.782295	0.0256459
sR	1091.723242	65.000000	0.779535	0.0255907
sR	1095.165332	65.000000	0.779503	0.0255901
sR	1098.606836	65.000000	0.785216	0.0257043
sR	1102.047949	65.000000	0.782792	0.0256558
sR	1105.488672	65.000000	0.78317	0.0256634
sR	1108.928906	65.000000	0.785124	0.0257025
sR	1112.368750	65.000000	0.785366	0.0257073
sR	1115.808105	65.000000	0.781014	0.0256203
sR	1119.247070	65.000000	0.785671	0.0257134
sR	1122.685645	65.000000	0.783338	0.0256668
sR	1126.123730	65.000000	0.78677	0.0257354
sR	1129.561426	65.000000	0.786916	0.0257383
sR	1132.998730	65.000000	0.784827	0.0256965
sR	1136.435645	65.000000	0.7897	0.025794
sR	1139.872168	65.000000	0.783852	0.025677
sR	1143.308203	65.000000	0.787863	0.0257573
sR	1146.743945	65.000000	0.787462	0.0257492
sR	1150.179297	65.000000	0.784119	0.0256824
sR	1153.614258	65.000000	0.7872	0.025744
sR	1157.048828	65.000000	0.788509	0.0257702
sR	1160.483008	65.000000	0.786538	0.0257308
sR	1163.916797	65.000000	0.787901	0.025758
sR	1167.350195	65.000000	0.791461	0.0258292
sR	1170.783301	65.000000	0.788999	0.02578
sR	1174.216016	65.000000	0.787789	0.0257558
sR	1177.648438	65.000000	0.786319	0.0257264
sR	1181.080469	65.000000	0.787888	0.0257578
sR	1184.512109	65.000000	0.78849	0.0257698
sR	1187.943457	65.000000	0.788139	0.0257628
sR	1191.374512	65.000000	0.789878	0.0257976
sR	1194.805176	65.000000	0.791244	0.0258249
sR	1198.235547	65.000000	0.790015	0.0258003
sR	1201.665527	65.000000	0.788324	0.0257665
sR	1205.095215	65.000000	0.784279	0.0256856
sR	1208.524609	65.000000	0.791964	0.0258393
sR	1211.953711	65.000000	0.789178	0.0257836
sR	1215.382422	65.000000	0.790792	0.0258159
sR	1218.810938	65.000000	0.789609	0.0257922
sR	1222.239063	65.000000	0.790952	0.025819
sR	1225.666895	65.000000	0.789106	0.0257821
sR	1229.094531	65.000000	0.791774	0.0258355
sR	1232.521777	65.000000	0.789913	0.0257983
sR	1235.948828	65.000000	0.787755	0.0257551
sR	1239.375586	65.000000	0.793116	0.0258623
sR	1242.801953	65.000000	0.792124	0.0258425
sR	1246.228223	65.000000	0.792834	0.0258567
sR	1249.654102	65.000000	0.788037	0.0257607
sR	1253.079785	65.000000	0.785142	0.0257028
sR	1256.505176	65.000000	0.789056	0.0257811
sR	1259.930273	65.000000	0.791297	0.0258259
sR	1263.355273	65.000000	0.786972	0.0257394
sR	1266.779883	65.000000	0.792142	0.0258428
sR	1270.204297	65.000000	0.795145	0.0259029
sR	1273.628516	65.000000	0.791425	0.0258285
sR	1277.052441	65.000000	0.792848	0.025857
sR	1280.476172	65.000000	0.790865	0.0258173
sR	1283.899609	65.000000	0.791197	0.0258239
sR	1287.322949	65.000000	0.790698	0.025814
sR	1290.745996	65.000000	0.791969	0.0258394
sR	1294.168848	65.000000	0.789712	0.0257942
sR	1297.591504	65.000000	0.790188	0.0258038
sR	1301.013965	65.000000	0.794725	0.0258945
sR	1304.436230	65.000000	0.798265	0.0259653
sR	1307.858301	65.000000	0.790746	0.0258149
sR	1311.280078	65.000000	0.791427	0.0258285
sR	1314.701758	65.000000	0.791727	0.0258345
sR	1318.123340	65.000000	0.794529	0.0258906
sR	1321.544629	65.000000	0.794865	0.0258973
sR	1324.965723	65.000000	0.792605	0.0258521
sR	1328.386719	65.000000	0.793054	0.0258611
sR	1331.807520	65.000000	0.789749	0.025795
sR	1335.228223	65.000000	0.7896	0.025792
sR	1338.648730	65.000000	0.796091	0.0259218
sR	1342.069043	65.000000	0.79485	0.025897
sR	1345.489258	65.000000	0.796951	0.025939
sR	1348.909277	65.000000	0.792892	0.0258578
sR	1352.329199	65.000000	0.795978	0.0259196
sR	1355.749023	65.000000	0.795226	0.0259045
sR	1359.168652	65.000000	0.794727	0.0258945
sR	1362.588184	65.000000	0.791248	0.025825
sR	1366.007617	65.000000	0.791613	0.0258323
sR	1369.426855	65.000000	0.789962	0.0257992
sR	1372.845996	65.000000	0.794331	0.0258866
sR	1376.265039	65.000000	0.792731	0.0258546
sR	1379.684082	65.000000	0.791732	0.0258346
sR	1383.102930	65.000000	0.79527	0.0259054
sR	1386.521680	65.000000	0.795438	0.0259088
sR	1389.940332	65.000000	0.795224	0.0259045
sR	1393.358887	65.000000	0.795783	0.0259157
sR	1396.777344	65.000000	0.796281	0.0259256
sR	1400.195801	65.000000	0.798981	0.0259796
sR	1403.614063	65.000000	0.791938	0.0258388
sR	1407.032324	65.000000	0.798778	0.0259756
sR	1410.450586	65.000000	0.794472	0.0258894
sR	1413.868652	65.000000	0.794366	0.0258873
sR	1417.286719	65.000000	0.796955	0.0259391
sR	1420.704785	65.000000	0.793756	0.0258751
sR	1424.122754	65.000000	0.793649	0.025873
sR	1427.540625	65.000000	0.794303	0.0258861
sR	1430.958496	65.000000	0.797142	0.0259428
sR	1434.376367	65.000000	0.797651	0.025953
sR	1437.794141	65.000000	0.797918	0.0259584
sR	1441.211914	65.000000	0.796882	0.0259376
sR	1444.629688	65.000000	0.796288	0.0259257
sR	1448.047363	65.000000	0.79539	0.0259078
sR	1451.465039	65.000000	0.795237	0.0259047
sR	1454.882813	65.000000	0.794637	0.0258927
sR	1458.300488	65.000000	0.799561	0.0259912
sR	1461.718164	65.000000	0.795699	0.025914
sR	1465.135840	65.000000	0.79496	0.0258992
sR	1468.553516	65.000000	0.797151	0.025943
sR	1471.971191	65.000000	0.794821	0.0258964
sR	1475.388867	65.000000	0.797661	0.0259532
sR	1478.806543	65.000000	0.797174	0.0259435
sR	1482.224316	65.000000	0.800951	0.026019
sR	1485.642090	65.000000	0.796395	0.0259279
sR	1489.059863	65.000000	0.797688	0.0259538
sR	1492.477734	65.000000	0.795307	0.0259061
sR	1495.895508	65.000000	0.79605	0.025921
sR	1499.313477	65.000000	0.796472	0.0259294
sR	1502.731445	65.000000	0.796352	0.025927
sR	1506.149414	65.000000	0.798509	0.0259702
sR	1509.567480	65.000000	0.799355	0.0259871
sR	1512.985547	65.000000	0.793656	0.0258731
sR	1516.403711	65.000000	0.797078	0.0259416
sR	1519.821973	65.000000	0.801274	0.0260255
sR	1523.240234	65.000000	0.795611	0.0259122
sR	1526.658691	65.000000	0.789562	0.0257912
sR	1530.077148	65.000000	0.793949	0.025879
sR	1533.495703	65.000000	0.795348	0.025907
sR	1536.914258	65.000000	0.7963	0.025926
sR	1540.333008	65.000000	0.797521	0.0259504
sR	1543.751855	65.000000	0.802932	0.0260586
sR	1547.170801	65.000000	0.797817	0.0259563
sR	1550.589844	65.000000	0.804436	0.0260887
sR	1554.008887	65.000000	0.803717	0.0260743
sR	1557.428223	65.000000	0.80274	0.0260548
sR	1560.847559	65.000000	0.803844	0.0260769
sR	1564.266992	65.000000	0.801587	0.0260317
sR	1567.686621	65.000000	0.800035	0.0260007
sR	1571.106348	65.000000	0.802727	0.0260545
sR	1574.526270	65.000000	0.788253	0.0257651
sR	1577.946289	65.000000	0.796676	0.0259335
sR	1581.366406	65.000000	0.794626	0.0258925
sR	1584.786719	65.000000	0.798411	0.0259682
sR	1588.207227	65.000000	0.803854	0.0260771
sR	1591.627832	65.000000	0.79997	0.0259994
sR	1595.048535	65.000000	0.801288	0.0260258
sR	1598.469531	65.000000	0.804336	0.0260867
sR	1601.890625	65.000000	0.79808	0.0259616
sR	1605.311816	65.000000	0.801932	0.0260386
sR	1608.733301	65.000000	0.805508	0.0261102
sR	1612.154883	65.000000	0.799674	0.0259935
sR	1615.576758	65.000000	0.794987	0.0258997
sR	1618.998730	65.000000	0.804889	0.0260978
sR	1622.420898	65.000000	0.804927	0.0260985
sR	1625.843262	65.000000	0.803106	0.0260621
sR	1629.265918	65.000000	0.800687	0.0260137
sR	1632.688672	65.000000	0.805799	0.026116
sR	1636.111719	65.000000	0.803555	0.0260711
sR	1639.534961	65.000000	0.798804	0.0259761
sR	1642.958398	65.000000	0.795687	0.0259137
sR	1646.382031	65.000000	0.799695	0.0259939
sR	1649.805859	65.000000	0.801922	0.0260384
sR	1653.230078	65.000000	0.799121	0.0259824
sR	1656.654297	65.000000	0.794022	0.0258804
sR	1660.078906	65.000000	0.80365	0.026073
sR	1663.503711	65.000000	0.796334	0.0259267
sR	1666.928906	65.000000	0.803165	0.0260633
sR	1670.354102	65.000000	0.800384	0.0260077
sR	1673.779688	65.000000	0.798365	0.0259673
sR	1677.205664	65.000000	0.808458	0.0261692
sR	1680.631641	65.000000	0.794457	0.0258891
sR	1684.058008	65.000000	0.795802	0.025916
sR	1687.484766	65.000000	0.800126	0.0260025
sR	1690.911719	65.000000	0.796933	0.0259387
sR	1694.338867	65.000000	0.802856	0.0260571
sR	1697.766406	65.000000	0.802934	0.0260587
sR	245.732520	70.000000	0.641135	0.0228227
sR	247.331348	70.000000	0.636435	0.0227287
sR	248.930176	70.000000	0.636201	0.022724
sR	250.529053	70.000000	0.637515	0.0227503
sR	252.127954	70.000000	0.637389	0.0227478
sR	253.726855	70.000000	0.6402	0.022804
sR	255.325781	70.000000	0.640569	0.0228114
sR	256.924731	70.000000	0.640662	0.0228132
sR	258.523706	70.000000	0.640679	0.0228136
sR	260.122681	70.000000	0.63927	0.0227854
sR	261.721680	70.000000	0.639754	0.0227951
sR	263.320703	70.000000	0.641447	0.0228289
sR	264.919751	70.000000	0.642269	0.0228454
sR	266.518799	70.000000	0.645432	0.0229086
sR	268.117871	70.000000	0.648928	0.0229786
sR	269.716968	70.000000	0.647122	0.0229424
sR	271.316089	70.000000	0.647791	0.0229558
sR	272.915210	70.000000	0.647435	0.0229487
sR	274.514331	70.000000	0.651241	0.0230248
sR	276.113501	70.000000	0.651023	0.0230205
sR	277.712646	70.000000	0.654047	0.0230809
sR	279.311841	70.000000	0.655837	0.0231167
sR	280.911035	70.000000	0.658602	0.023172
sR	282.510254	70.000000	0.656472	0.0231294
sR	284.109473	70.000000	0.657999	0.02316
sR	285.708716	70.000000	0.658795	0.0231759
sR	287.307959	70.000000	0.659379	0.0231876
sR	288.907202	70.000000	0.663801	0.023276
sR	290.506494	70.000000	0.663604	0.0232721
sR	292.105762	70.000000	0.669975	0.0233995
sR	293.705078	70.000000	0.669747	0.0233949
sR	295.304370	70.000000	0.666274	0.0233255
sR	296.903687	70.000000	0.667748	0.023355
sR	298.503027	70.000000	0.66921	0.0233842
sR	300.102368	70.000000	0.67182	0.0234364
sR	301.701709	70.000000	0.672657	0.0234531
sR	303.301074	70.000000	0.676579	0.0235316
sR	304.900439	70.000000	0.681948	0.023639
sR	306.499805	70.000000	0.680609	0.0236122
sR	308.099194	70.000000	0.680063	0.0236013
sR	309.698584	70.000000	0.679307	0.0235861
sR	311.297998	70.000000	0.677683	0.0235537
sR	312.897388	70.000000	0.681358	0.0236272
sR	314.496802	70.000000	0.682564	0.0236513
sR	316.096216	70.000000	0.686988	0.0237398
sR	317.695654	70.000000	0.688387	0.0237677
sR	319.295093	70.000000	0.689735	0.0237947
sR	320.894531	70.000000	0.68408	0.0236816
sR	322.493970	70.000000	0.686227	0.0237245
sR	324.093408	70.000000	0.689856	0.0237971
sR	325.692871	70.000000	0.691196	0.0238239
sR	327.292334	70.000000	0.696312	0.0239262
sR	328.891797	70.000000	0.696156	0.0239231
sR	330.491260	70.000000	0.698221	0.0239644
sR	332.090723	70.000000	0.697308	0.0239462
sR	333.690186	70.000000	0.695691	0.0239138
sR	335.289673	70.000000	0.696176	0.0239235
sR	336.889136	70.000000	0.698654	0.0239731
sR	338.488623	70.000000	0.699506	0.0239901
sR	340.088110	70.000000	0.704857	0.0240971
sR	341.687573	70.000000	0.702735	0.0240547
sR	343.287061	70.000000	0.70461	0.0240922
sR	344.886548	70.000000	0.704935	0.0240987
sR	346.486035	70.000000	0.701042	0.0240208
sR	348.085522	70.000000	0.703939	0.0240788
sR	349.684985	70.000000	0.704546	0.0240909
sR	351.284473	70.000000	0.70687	0.0241374
sR	352.883960	70.000000	0.711117	0.0242223
sR	354.483423	70.000000	0.707796	0.0241559
sR	356.082910	70.000000	0.708502	0.02417
sR	357.682373	70.000000	0.712898	0.024258
sR	359.281860	70.000000	0.70725	0.024145
sR	360.881323	70.000000	0.707517	0.0241503
sR	362.480786	70.000000	0.712056	0.0242411
sR	364.080249	70.000000	0.713768	0.0242754
sR	365.679712	70.000000	0.713285	0.0242657
sR	367.279175	70.000000	0.716831	0.0243366
sR	368.878613	70.000000	0.715588	0.0243118
sR	370.478052	70.000000	0.715118	0.0243024
sR	372.077490	70.000000	0.71315	0.024263
sR	373.676929	70.000000	0.714335	0.0242867
sR	375.276367	70.000000	0.715365	0.0243073
sR	376.875781	70.000000	0.716268	0.0243254
sR	378.475195	70.000000	0.7238	0.024476
sR	380.074609	70.000000	0.721732	0.0244347
sR	381.673999	70.000000	0.717878	0.0243576
sR	383.273389	70.000000	0.722824	0.0244565
sR	384.872778	70.000000	0.720297	0.0244059
sR	386.472168	70.000000	0.722381	0.0244476
sR	388.071533	70.000000	0.722623	0.0244525
sR	389.670898	70.000000	0.727047	0.0245409
sR	391.270239	70.000000	0.725867	0.0245173
sR	392.869580	70.000000	0.724867	0.0244973
sR	394.468921	70.000000	0.725565	0.0245113
sR	396.068237	70.000000	0.722261	0.0244452
sR	397.667554	70.000000	0.7246	0.024492
sR	399.266846	70.000000	0.724068	0.0244814
sR	400.866138	70.000000	0.728099	0.024562
sR	402.465405	70.000000	0.730104	0.0246021
sR	404.064673	70.000000	0.729598	0.024592
sR	405.663916	70.000000	0.730528	0.0246106
sR	407.263159	70.000000	0.730653	0.0246131
sR	408.862378	70.000000	0.729822	0.0245964
sR	410.461572	70.000000	0.731447	0.0246289
sR	412.060791	70.000000	0.730984	0.0246197
sR	413.659961	70.000000	0.732509	0.0246502
sR	415.259131	70.000000	0.735156	0.0247031
sR	416.858301	70.000000	0.736052	0.024721
sR	418.457422	70.000000	0.73847	0.0247694
sR	420.056592	70.000000	0.735859	0.0247172
sR	421.655664	70.000000	0.733749	0.024675
sR	423.254785	70.000000	0.734975	0.0246995
sR	424.853857	70.000000	0.734948	0.024699
sR	426.452930	70.000000	0.739857	0.0247971
sR	428.051953	70.000000	0.741415	0.0248283
sR	429.650977	70.000000	0.741312	0.0248262
sR	431.250000	70.000000	0.739678	0.0247936
sR	432.848975	70.000000	0.740823	0.0248165
sR	434.447949	70.000000	0.740521	0.0248104
sR	436.046924	70.000000	0.738688	0.0247738
sR	437.645850	70.000000	0.742237	0.0248447
sR	439.244727	70.000000	0.742707	0.0248541
sR	440.843652	70.000000	0.743998	0.02488
sR	442.442529	70.000000	0.744655	0.0248931
sR	444.041357	70.000000	0.74448	0.0248896
sR	445.640186	70.000000	0.745302	0.024906
sR	447.239014	70.000000	0.744329	0.0248866
sR	448.837793	70.000000	0.744406	0.0248881
sR	450.436572	70.000000	0.745217	0.0249043
sR	452.035303	70.000000	0.748444	0.0249689
sR	453.634033	70.000000	0.747747	0.0249549
sR	455.232715	70.000000	0.748455	0.0249691
sR	456.831396	70.000000	0.751121	0.0250224
sR	458.430078	70.000000	0.750399	0.025008
sR	460.028711	70.000000	0.749839	0.0249968
sR	461.627295	70.000000	0.75218	0.0250436
sR	463.225879	70.000000	0.750986	0.0250197
sR	464.824463	70.000000	0.753457	0.0250691
sR	466.422949	70.000000	0.754954	0.0250991
sR	468.021484	70.000000	0.756275	0.0251255
sR	469.619971	70.000000	0.754546	0.0250909
sR	471.218408	70.000000	0.75468	0.0250936
sR	472.816846	70.000000	0.753693	0.0250739
sR	474.415234	70.000000	0.755829	0.0251166
sR	476.013623	70.000000	0.755564	0.0251113
sR	477.611963	70.000000	0.75663	0.0251326
sR	479.210254	70.000000	0.759583	0.0251917
sR	480.808545	70.000000	0.758267	0.0251653
sR	482.406836	70.000000	0.760422	0.0252084
sR	484.005029	70.000000	0.759063	0.0251813
sR	485.603271	70.000000	0.759987	0.0251997
sR	487.201416	70.000000	0.759483	0.0251897
sR	488.799561	70.000000	0.761291	0.0252258
sR	490.397656	70.000000	0.761781	0.0252356
sR	491.995752	70.000000	0.76338	0.0252676
sR	493.593799	70.000000	0.76304	0.0252608
sR	495.191846	70.000000	0.763661	0.0252732
sR	496.789795	70.000000	0.76345	0.025269
sR	498.387744	70.000000	0.76263	0.0252526
sR	499.985693	70.000000	0.763911	0.0252782
sR	501.583594	70.000000	0.765173	0.0253035
sR	503.181445	70.000000	0.766697	0.0253339
sR	504.779248	70.000000	0.766753	0.0253351
sR	506.377051	70.000000	0.76824	0.0253648
sR	507.974805	70.000000	0.767682	0.0253536
sR	509.572510	70.000000	0.767707	0.0253541
sR	511.170215	70.000000	0.768826	0.0253765
sR	512.767871	70.000000	0.767424	0.0253485
sR	514.365479	70.000000	0.768684	0.0253737
sR	515.963037	70.000000	0.770735	0.0254147
sR	517.560596	70.000000	0.771544	0.0254309
sR	519.158105	70.000000	0.772009	0.0254402
sR	520.755566	70.000000	0.770942	0.0254188
sR	522.353027	70.000000	0.770404	0.0254081
sR	523.950391	70.000000	0.768441	0.0253688
sR	525.547754	70.000000	0.771419	0.0254284
sR	527.145068	70.000000	0.773001	0.02546
sR	528.742383	70.000000	0.772717	0.0254543
sR	530.339600	70.000000	0.773198	0.025464
sR	531.936816	70.000000	0.774467	0.0254893
sR	533.533984	70.000000	0.775121	0.0255024
sR	535.131104	70.000000	0.774359	0.0254872
sR	536.728174	70.000000	0.775703	0.0255141
sR	538.325244	70.000000	0.774468	0.0254894
sR	539.922266	70.000000	0.776528	0.0255306
sR	541.519189	70.000000	0.777996	0.0255599
sR	543.116113	70.000000	0.778236	0.0255647
sR	544.712988	70.000000	0.777762	0.0255552
sR	546.309863	70.000000	0.77669	0.0255338
sR	547.906641	70.000000	0.77763	0.0255526
sR	549.503369	70.000000	0.777648	0.025553
sR	551.100098	70.000000	0.775929	0.0255186
sR	552.696777	70.000000	0.776447	0.0255289
sR	554.293359	70.000000	0.780575	0.0256115
sR	555.889941	70.000000	0.780735	0.0256147
sR	557.486475	70.000000	0.779714	0.0255943
sR	559.082959	70.000000	0.780815	0.0256163
sR	560.679395	70.000000	0.779422	0.0255884
sR	562.275830	70.000000	0.780745	0.0256149
sR	563.872168	70.000000	0.781218	0.0256243
sR	565.468457	70.000000	0.782386	0.0256477
sR	567.064697	70.000000	0.780371	0.0256074
sR	568.660938	70.000000	0.780663	0.0256133
sR	570.257080	70.000000	0.782719	0.0256544
sR	571.853223	70.000000	0.781104	0.0256221
sR	573.449268	70.000000	0.780549	0.025611
sR	575.045313	70.000000	0.783193	0.0256639
sR	576.641260	70.000000	0.782486	0.0256497
sR	578.237207	70.000000	0.782946	0.0256589
sR	579.833057	70.000000	0.783137	0.0256627
sR	581.428857	70.000000	0.783838	0.0256768
sR	583.024658	70.000000	0.78464	0.0256928
sR	584.620361	70.000000	0.784498	0.02569
sR	586.216064	70.000000	0.785061	0.0257012
sR	587.811670	70.000000	0.786488	0.0257298
sR	589.407227	70.000000	0.785304	0.0257061
sR	591.002734	70.000000	0.785294	0.0257059
sR	592.598193	70.000000	0.785834	0.0257167
sR	594.193604	70.000000	0.785658	0.0257132
sR	595.788965	70.000000	0.786289	0.0257258
sR	597.384277	70.000000	0.787806	0.0257561
sR	598.979541	70.000000	0.785857	0.0257171
sR	600.574756	70.000000	0.786677	0.0257335
sR	602.169873	70.000000	0.787058	0.0257412
sR	603.764990	70.000000	0.78766	0.0257532
sR	605.360010	70.000000	0.788074	0.0257615
sR	606.954980	70.000000	0.787986	0.0257597
sR	608.549902	70.000000	0.787961	0.0257592
sR	610.144775	70.000000	0.788055	0.0257611
sR	611.739600	70.000000	0.787415	0.0257483
sR	613.334375	70.000000	0.787164	0.0257433
sR	614.929053	70.000000	0.788636	0.0257727
sR	616.523730	70.000000	0.789665	0.0257933
sR	618.118311	70.000000	0.789709	0.0257942
sR	619.712842	70.000000	0.789703	0.0257941
sR	621.307275	70.000000	0.789237	0.0257847
sR	622.901709	70.000000	0.790445	0.0258089
sR	624.496045	70.000000	0.791587	0.0258317
sR	626.090381	70.000000	0.78973	0.0257946
sR	627.684570	70.000000	0.790755	0.0258151
sR	629.278760	70.000000	0.79229	0.0258458
sR	630.872900	70.000000	0.790939	0.0258188
sR	632.466943	70.000000	0.790785	0.0258157
sR	634.060938	70.000000	0.793244	0.0258649
sR	635.654883	70.000000	0.793152	0.025863
sR	637.248730	70.000000	0.791585	0.0258317
sR	638.842529	70.000000	0.791491	0.0258298
sR	640.436279	70.000000	0.793013	0.0258603
sR	642.029980	70.000000	0.792668	0.0258534
sR	643.623584	70.000000	0.793262	0.0258652
sR	645.217139	70.000000	0.792793	0.0258559
sR	646.810645	70.000000	0.793346	0.0258669
sR	648.404053	70.000000	0.793199	0.025864
sR	649.997412	70.000000	0.792787	0.0258557
sR	651.590723	70.000000	0.793547	0.0258709
sR	653.183984	70.000000	0.793318	0.0258664
sR	654.777148	70.000000	0.793225	0.0258645
sR	656.370264	70.000000	0.792724	0.0258545
sR	657.963281	70.000000	0.794552	0.025891
sR	659.556250	70.000000	0.794332	0.0258866
sR	661.149170	70.000000	0.794104	0.0258821
sR	662.741992	70.000000	0.795189	0.0259038
sR	664.334766	70.000000	0.795135	0.0259027
sR	665.927490	70.000000	0.795199	0.025904
sR	667.520117	70.000000	0.79675	0.025935
sR	669.112695	70.000000	0.796763	0.0259353
sR	670.705176	70.000000	0.796263	0.0259253
sR	672.297607	70.000000	0.793952	0.025879
sR	673.889990	70.000000	0.797189	0.0259438
sR	675.482275	70.000000	0.798297	0.0259659
sR	677.074512	70.000000	0.795545	0.0259109
sR	678.666650	70.000000	0.793458	0.0258692
sR	680.258740	70.000000	0.796261	0.0259252
sR	681.850732	70.000000	0.798465	0.0259693
sR	683.442676	70.000000	0.797661	0.0259532
sR	685.034521	70.000000	0.7979	0.025958
sR	686.626318	70.000000	0.798442	0.0259688
sR	688.218066	70.000000	0.794685	0.0258937
sR	689.809717	70.000000	0.795968	0.0259194
sR	691.401270	70.000000	0.799614	0.0259923
sR	692.992773	70.000000	0.799753	0.0259951
sR	694.584229	70.000000	0.799467	0.0259893
sR	696.175586	70.000000	0.800139	0.0260028
sR	697.766846	70.000000	0.799063	0.0259813
sR	699.358057	70.000000	0.797387	0.0259477
sR	700.949170	70.000000	0.798447	0.0259689
sR	702.540234	70.000000	0.799452	0.025989
sR	704.131201	70.000000	0.799246	0.0259849
sR	705.722119	70.000000	0.799839	0.0259968
sR	707.312939	70.000000	0.799988	0.0259998
sR	708.903711	70.000000	0.802071	0.0260414
sR	710.494385	70.000000	0.801323	0.0260265
sR	712.084961	70.000000	0.804472	0.0260894
sR	713.675488	70.000000	0.803688	0.0260738
sR	715.265918	70.000000	0.799755	0.0259951
sR	716.856299	70.000000	0.803104	0.0260621
sR	718.446582	70.000000	0.802701	0.026054
sR	720.036768	70.000000	0.802626	0.0260525
sR	721.626904	70.000000	0.803154	0.0260631
sR	723.216943	70.000000	0.79965	0.025993
sR	724.806885	70.000000	0.801485	0.0260297
sR	726.396777	70.000000	0.804423	0.0260885
sR	727.986572	70.000000	0.799897	0.0259979
sR	729.576318	70.000000	0.803048	0.026061
sR	731.165967	70.000000	0.803582	0.0260716
sR	732.755518	70.000000	0.801095	0.0260219
sR	734.344971	70.000000	0.801084	0.0260217
sR	735.934375	70.000000	0.803306	0.0260661
sR	737.523682	70.000000	0.80382	0.0260764
sR	739.112891	70.000000	0.801754	0.0260351
sR	740.702051	70.000000	0.801703	0.0260341
sR	742.291113	70.000000	0.801129	0.0260226
sR	743.880078	70.000000	0.803686	0.0260737
sR	745.468994	70.000000	0.803692	0.0260738
sR	747.057764	70.000000	0.805798	0.026116
sR	748.646484	70.000000	0.804499	0.02609
sR	750.235156	70.000000	0.803839	0.0260768
sR	751.823682	70.000000	0.804384	0.0260877
sR	753.412158	70.000000	0.801953	0.0260391
sR	755.000537	70.000000	0.803056	0.0260611
sR	756.588818	70.000000	0.805289	0.0261058
sR	758.177002	70.000000	0.806544	0.0261309
sR	759.765137	70.000000	0.807224	0.0261445
sR	761.353125	70.000000	0.80553	0.0261106
sR	762.941064	70.000000	0.801411	0.0260282
sR	764.528906	70.000000	0.803962	0.0260792
sR	766.116699	70.000000	0.804697	0.0260939
sR	767.704346	70.000000	0.804574	0.0260915
sR	769.291943	70.000000	0.807192	0.0261438
sR	770.879443	70.000000	0.809461	0.0261892
sR	772.466846	70.000000	0.809231	0.0261846
sR	774.054150	70.000000	0.809834	0.0261967
sR	775.641357	70.000000	0.81029	0.0262058
sR	777.228467	70.000000	0.806772	0.0261354
sR	778.815527	70.000000	0.806626	0.0261325
sR	780.402441	70.000000	0.805441	0.0261088
sR	781.989307	70.000000	0.806125	0.0261225
sR	783.576074	70.000000	0.808568	0.0261714
sR	785.162744	70.000000	0.80931	0.0261862
sR	786.749316	70.000000	0.809372	0.0261874
sR	788.335791	70.000000	0.807501	0.02615
sR	789.922168	70.000000	0.811943	0.0262389
sR	791.508447	70.000000	0.811825	0.0262365
sR	793.094629	70.000000	0.809374	0.0261875
sR	794.680762	70.000000	0.807881	0.0261576
sR	796.266748	70.000000	0.810482	0.0262096
sR	797.852637	70.000000	0.81154	0.0262308
sR	799.438477	70.000000	0.81158	0.0262316
sR	801.024170	70.000000	0.811421	0.0262284
sR	802.609814	70.000000	0.812611	0.0262522
sR	804.195313	70.000000	0.811509	0.0262302
sR	805.780762	70.000000	0.813801	0.026276
sR	807.366064	70.000000	0.813273	0.0262655
sR	808.951318	70.000000	0.80867	0.0261734
sR	810.536426	70.000000	0.81005	0.026201
sR	812.121484	70.000000	0.811503	0.0262301
sR	813.706396	70.000000	0.809843	0.0261969
sR	815.291211	70.000000	0.807946	0.0261589
sR	816.875977	70.000000	0.813206	0.0262641
sR	818.460596	70.000000	0.812042	0.0262408
sR	820.045117	70.000000	0.811213	0.0262243
sR	821.629590	70.000000	0.813813	0.0262763
sR	823.213867	70.000000	0.816437	0.0263287
sR	824.798145	70.000000	0.812789	0.0262558
sR	826.382227	70.000000	0.814087	0.0262817
sR	827.966211	70.000000	0.813802	0.026276
sR	829.550195	70.000000	0.81027	0.0262054
sR	831.133984	70.000000	0.812573	0.0262515
sR	832.717676	70.000000	0.814813	0.0262963
sR	834.301270	70.000000	0.816967	0.0263394
sR	835.884863	70.000000	0.81245	0.026249
sR	837.468262	70.000000	0.812248	0.026245
sR	839.051563	70.000000	0.815164	0.0263033
sR	840.634668	70.000000	0.817037	0.0263407
sR	842.217773	70.000000	0.818011	0.0263602
sR	843.800781	70.000000	0.818402	0.026368
sR	845.383691	70.000000	0.819046	0.0263809
sR	846.966406	70.000000	0.815381	0.0263076
sR	848.549121	70.000000	0.812159	0.0262432
sR	850.131641	70.000000	0.816045	0.0263209
sR	851.714063	70.000000	0.814132	0.0262826
sR	853.296484	70.000000	0.816799	0.026336
sR	854.878711	70.000000	0.81303	0.0262606
sR	856.460840	70.000000	0.813472	0.0262694
sR	858.042773	70.000000	0.815738	0.0263148
sR	859.624707	70.000000	0.816494	0.0263299
sR	861.206543	70.000000	0.817497	0.0263499
sR	862.788184	70.000000	0.819951	0.026399
sR	864.369824	70.000000	0.816419	0.0263284
sR	865.951270	70.000000	0.814896	0.0262979
sR	867.532617	70.000000	0.811908	0.0262382
sR	869.113867	70.000000	0.817599	0.026352
sR	870.695020	70.000000	0.815558	0.0263112
sR	872.275977	70.000000	0.816488	0.0263298
sR	873.856934	70.000000	0.817064	0.0263413
sR	875.437695	70.000000	0.815384	0.0263077
sR	877.018359	70.000000	0.814696	0.0262939
sR	878.599023	70.000000	0.814395	0.0262879
sR	880.179395	70.000000	0.814593	0.0262919
sR	881.759766	70.000000	0.818171	0.0263634
sR	883.340039	70.000000	0.81923	0.0263846
sR	884.920117	70.000000	0.819591	0.0263918
sR	886.500098	70.000000	0.82115	0.026423
sR	888.079980	70.000000	0.819589	0.0263918
sR	889.659766	70.000000	0.816869	0.0263374
sR	891.239453	70.000000	0.814099	0.026282
sR	892.818945	70.000000	0.81797	0.0263594
sR	894.398438	70.000000	0.821313	0.0264263
sR	895.977734	70.000000	0.820651	0.026413
sR	897.556934	70.000000	0.815476	0.0263095
sR	899.135938	70.000000	0.816365	0.0263273
sR	900.714941	70.000000	0.817197	0.0263439
sR	902.293750	70.000000	0.817749	0.026355
sR	903.872461	70.000000	0.81957	0.0263914
sR	905.451074	70.000000	0.81828	0.0263656
sR	907.029590	70.000000	0.815588	0.0263118
sR	908.607910	70.000000	0.821045	0.0264209
sR	910.186133	70.000000	0.8211	0.026422
sR	911.764258	70.000000	0.816955	0.0263391
sR	913.342285	70.000000	0.814983	0.0262997
sR	914.920117	70.000000	0.813538	0.0262708
sR	916.497852	70.000000	0.815396	0.0263079
sR	918.075488	70.000000	0.818623	0.0263725
sR	919.653027	70.000000	0.819758	0.0263952
sR	921.230469	70.000000	0.820801	0.026416
sR	922.807715	70.000000	0.820983	0.0264197
sR	924.384863	70.000000	0.821622	0.0264324
sR	925.961914	70.000000	0.818392	0.0263678
sR	927.538770	70.000000	0.820129	0.0264026
sR	929.115527	70.000000	0.821884	0.0264377
sR	930.692188	70.000000	0.81679	0.0263358
sR	932.268750	70.000000	0.82142	0.0264284
sR	933.845117	70.000000	0.824231	0.0264846
sR	935.421387	70.000000	0.824921	0.0264984
sR	936.997559	70.000000	0.820677	0.0264135
sR	938.573535	70.000000	0.815601	0.026312
sR	940.149414	70.000000	0.822186	0.0264437
sR	941.725195	70.000000	0.822663	0.0264533
sR	943.300879	70.000000	0.821775	0.0264355
sR	944.876367	70.000000	0.825713	0.0265143
sR	946.451758	70.000000	0.826435	0.0265287
sR	948.027051	70.000000	0.827041	0.0265408
sR	949.602148	70.000000	0.823097	0.0264619
sR	951.177148	70.000000	0.822318	0.0264464
sR	952.752051	70.000000	0.819012	0.0263802
sR	954.326758	70.000000	0.816162	0.0263232
sR	955.901367	70.000000	0.821909	0.0264382
sR	957.475879	70.000000	0.82048	0.0264096
sR	959.050195	70.000000	0.823304	0.0264661
sR	960.624512	70.000000	0.822596	0.0264519
sR	962.198535	70.000000	0.821065	0.0264213
sR	963.772559	70.000000	0.819726	0.0263945
sR	965.346387	70.000000	0.821101	0.026422
sR	966.920020	70.000000	0.81849	0.0263698
sR	968.493652	70.000000	0.823425	0.0264685
sR	970.066992	70.000000	0.824626	0.0264925
sR	971.640332	70.000000	0.831062	0.0266212
sR	973.213477	70.000000	0.829133	0.0265827
sR	974.786523	70.000000	0.824466	0.0264893
sR	976.359473	70.000000	0.824131	0.0264826
sR	977.932227	70.000000	0.827041	0.0265408
sR	979.504785	70.000000	0.828129	0.0265626
sR	981.077344	70.000000	0.831828	0.0266366
sR	982.649707	70.000000	0.835523	0.0267105
sR	984.221875	70.000000	0.832006	0.0266401
sR	985.793945	70.000000	0.829424	0.0265885
sR	987.365918	70.000000	0.83056	0.0266112
sR	988.937793	70.000000	0.831663	0.0266333
sR	990.509375	70.000000	0.831702	0.026634
sR	992.080957	70.000000	0.82701	0.0265402
sR	993.652344	70.000000	0.826415	0.0265283
sR	995.223633	70.000000	0.828595	0.0265719
sR	996.794727	70.000000	0.83201	0.0266402
sR	998.365723	70.000000	0.83324	0.0266648
sR	999.936523	70.000000	0.830648	0.026613
sR	1012.422852	70.000000	0.805483	0.0261097
sR	1015.876367	70.000000	0.805836	0.0261167
sR	1019.329297	70.000000	0.805	0.0261
sR	1022.781836	70.000000	0.804081	0.0260816
sR	1026.233691	70.000000	0.805785	0.0261157
sR	1029.685059	70.000000	0.804702	0.026094
sR	1033.135938	70.000000	0.807709	0.0261542
sR	1036.586230	70.000000	0.806876	0.0261375
sR	1040.036035	70.000000	0.806765	0.0261353
sR	1043.485352	70.000000	0.809785	0.0261957
sR	1046.934082	70.000000	0.807532	0.0261506
sR	1050.382324	70.000000	0.807244	0.0261449
sR	1053.830078	70.000000	0.810747	0.0262149
sR	1057.277344	70.000000	0.809033	0.0261807
sR	1060.724121	70.000000	0.807777	0.0261555
sR	1064.170410	70.000000	0.811008	0.0262202
sR	1067.616113	70.000000	0.810334	0.0262067
sR	1071.061426	70.000000	0.806993	0.0261399
sR	1074.506250	70.000000	0.808229	0.0261646
sR	1077.950586	70.000000	0.810013	0.0262003
sR	1081.394434	70.000000	0.810459	0.0262092
sR	1084.837891	70.000000	0.809391	0.0261878
sR	1088.280762	70.000000	0.809947	0.0261989
sR	1091.723242	70.000000	0.808069	0.0261614
sR	1095.165332	70.000000	0.809218	0.0261844
sR	1098.606836	70.000000	0.811727	0.0262345
sR	1102.047949	70.000000	0.811555	0.0262311
sR	1105.488672	70.000000	0.810099	0.026202
sR	1108.928906	70.000000	0.810747	0.0262149
sR	1112.368750	70.000000	0.810435	0.0262087
sR	1115.808105	70.000000	0.807804	0.0261561
sR	1119.247070	70.000000	0.809104	0.0261821
sR	1122.685645	70.000000	0.809899	0.026198
sR	1126.123730	70.000000	0.812398	0.026248
sR	1129.561426	70.000000	0.812666	0.0262533
sR	1132.998730	70.000000	0.810529	0.0262106
sR	1136.435645	70.000000	0.816903	0.0263381
sR	1139.872168	70.000000	0.814266	0.0262853
sR	1143.308203	70.000000	0.816193	0.0263239
sR	1146.743945	70.000000	0.814795	0.0262959
sR	1150.179297	70.000000	0.811275	0.0262255
sR	1153.614258	70.000000	0.812714	0.0262543
sR	1157.048828	70.000000	0.818305	0.0263661
sR	1160.483008	70.000000	0.814174	0.0262835
sR	1163.916797	70.000000	0.813806	0.0262761
sR	1167.350195	70.000000	0.817823	0.0263565
sR	1170.783301	70.000000	0.814508	0.0262902
sR	1174.216016	70.000000	0.81444	0.0262888
sR	1177.648438	70.000000	0.813803	0.0262761
sR	1181.080469	70.000000	0.814792	0.0262958
sR	1184.512109	70.000000	0.814912	0.0262982
sR	1187.943457	70.000000	0.810994	0.0262199
sR	1191.374512	70.000000	0.816409	0.0263282
sR	1194.805176	70.000000	0.815727	0.0263145
sR	1198.235547	70.000000	0.813792	0.0262758
sR	1201.665527	70.000000	0.811367	0.0262273
sR	1205.095215	70.000000	0.813217	0.0262643
sR	1208.524609	70.000000	0.818411	0.0263682
sR	1211.953711	70.000000	0.813166	0.0262633
sR	1215.382422	70.000000	0.813717	0.0262743
sR	1218.810938	70.000000	0.813339	0.0262668
sR	1222.239063	70.000000	0.812621	0.0262524
sR	1225.666895	70.000000	0.816063	0.0263213
sR	1229.094531	70.000000	0.816778	0.0263356
sR	1232.521777	70.000000	0.81633	0.0263266
sR	1235.948828	70.000000	0.814552	0.026291
sR	1239.375586	70.000000	0.816794	0.0263359
sR	1242.801953	70.000000	0.817079	0.0263416
sR	1246.228223	70.000000	0.814151	0.026283
sR	1249.654102	70.000000	0.811183	0.0262237
sR	1253.079785	70.000000	0.810542	0.0262108
sR	1256.505176	70.000000	0.811141	0.0262228
sR	1259.930273	70.000000	0.814898	0.026298
sR	1263.355273	70.000000	0.811247	0.0262249
sR	1266.779883	70.000000	0.81155	0.026231
sR	1270.204297	70.000000	0.816873	0.0263375
sR	1273.628516	70.000000	0.81705	0.026341
sR	1277.052441	70.000000	0.817058	0.0263412
sR	1280.476172	70.000000	0.817157	0.0263431
sR	1283.899609	70.000000	0.818638	0.0263728
sR	1287.322949	70.000000	0.81243	0.0262486
sR	1290.745996	70.000000	0.818073	0.0263615
sR	1294.168848	70.000000	0.814497	0.0262899
sR	1297.591504	70.000000	0.814729	0.0262946
sR	1301.013965	70.000000	0.819606	0.0263921
sR	1304.436230	70.000000	0.816253	0.0263251
sR	1307.858301	70.000000	0.818498	0.02637
sR	1311.280078	70.000000	0.820178	0.0264036
sR	1314.701758	70.000000	0.816704	0.0263341
sR	1318.123340	70.000000	0.816326	0.0263265
sR	1321.544629	70.000000	0.816316	0.0263263
sR	1324.965723	70.000000	0.816834	0.0263367
sR	1328.386719	70.000000	0.814915	0.0262983
sR	1331.807520	70.000000	0.811633	0.0262327
sR	1335.228223	70.000000	0.812926	0.0262585
sR	1338.648730	70.000000	0.817502	0.02635
sR	1342.069043	70.000000	0.818485	0.0263697
sR	1345.489258	70.000000	0.818468	0.0263694
sR	1348.909277	70.000000	0.822677	0.0264535
sR	1352.329199	70.000000	0.821734	0.0264347
sR	1355.749023	70.000000	0.81865	0.026373
sR	1359.168652	70.000000	0.820763	0.0264153
sR	1362.588184	70.000000	0.818282	0.0263656
sR	1366.007617	70.000000	0.814295	0.0262859
sR	1369.426855	70.000000	0.814503	0.0262901
sR	1372.845996	70.000000	0.820902	0.026418
sR	1376.265039	70.000000	0.813461	0.0262692
sR	1379.684082	70.000000	0.814855	0.0262971
sR	1383.102930	70.000000	0.819858	0.0263972
sR	1386.521680	70.000000	0.818618	0.0263724
sR	1389.940332	70.000000	0.818585	0.0263717
sR	1393.358887	70.000000	0.816064	0.0263213
sR	1396.777344	70.000000	0.816145	0.0263229
sR	1400.195801	70.000000	0.8214	0.026428
sR	1403.614063	70.000000	0.819618	0.0263924
sR	1407.032324	70.000000	0.820541	0.0264108
sR	1410.450586	70.000000	0.817678	0.0263536
sR	1413.868652	70.000000	0.817402	0.026348
sR	1417.286719	70.000000	0.817978	0.0263596
sR	1420.704785	70.000000	0.817703	0.0263541
sR	1424.122754	70.000000	0.819255	0.0263851
sR	1427.540625	70.000000	0.818379	0.0263676
sR	1430.958496	70.000000	0.816507	0.0263301
sR	1434.376367	70.000000	0.818611	0.0263722
sR	1437.794141	70.000000	0.819527	0.0263905
sR	1441.211914	70.000000	0.819725	0.0263945
sR	1444.629688	70.000000	0.819652	0.026393
sR	1448.047363	70.000000	0.815779	0.0263156
sR	1451.465039	70.000000	0.814418	0.0262884
sR	1454.882813	70.000000	0.815578	0.0263116
sR	1458.300488	70.000000	0.816966	0.0263393
sR	1461.718164	70.000000	0.81689	0.0263378
sR	1465.135840	70.000000	0.819061	0.0263812
sR	1468.553516	70.000000	0.813981	0.0262796
sR	1471.971191	70.000000	0.814544	0.0262909
sR	1475.388867	70.000000	0.813614	0.0262723
sR	1478.806543	70.000000	0.819307	0.0263861
sR	1482.224316	70.000000	0.824711	0.0264942
sR	1485.642090	70.000000	0.818701	0.026374
sR	1489.059863	70.000000	0.814014	0.0262803
sR	1492.477734	70.000000	0.81574	0.0263148
sR	1495.895508	70.000000	0.818848	0.026377
sR	1499.313477	70.000000	0.82087	0.0264174
sR	1502.731445	70.000000	0.818685	0.0263737
sR	1506.149414	70.000000	0.823234	0.0264647
sR	1509.567480	70.000000	0.824347	0.0264869
sR	1512.985547	70.000000	0.819413	0.0263883
sR	1516.403711	70.000000	0.825651	0.026513
sR	1519.821973	70.000000	0.822482	0.0264496
sR	1523.240234	70.000000	0.816235	0.0263247
sR	1526.658691	70.000000	0.80885	0.026177
sR	1530.077148	70.000000	0.816447	0.0263289
sR	1533.495703	70.000000	0.817669	0.0263534
sR	1536.914258	70.000000	0.818425	0.0263685
sR	1540.333008	70.000000	0.815875	0.0263175
sR	1543.751855	70.000000	0.819713	0.0263943
sR	1547.170801	70.000000	0.816932	0.0263386
sR	1550.589844	70.000000	0.822258	0.0264452
sR	1554.008887	70.000000	0.825582	0.0265116
sR	1557.428223	70.000000	0.819286	0.0263857
sR	1560.847559	70.000000	0.817744	0.0263549
sR	1564.266992	70.000000	0.817764	0.0263553
sR	1567.686621	70.000000	0.823406	0.0264681
sR	1571.106348	70.000000	0.824548	0.026491
sR	1574.526270	70.000000	0.817572	0.0263514
sR	1577.946289	70.000000	0.818459	0.0263692
sR	1581.366406	70.000000	0.818258	0.0263652
sR	1584.786719	70.000000	0.820065	0.0264013
sR	1588.207227	70.000000	0.826743	0.0265349
sR	1591.627832	70.000000	0.815124	0.0263025
sR	1595.048535	70.000000	0.82005	0.026401
sR	1598.469531	70.000000	0.826832	0.0265366
sR	1601.890625	70.000000	0.822176	0.0264435
sR	1605.311816	70.000000	0.822361	0.0264472
sR	1608.733301	70.000000	0.822309	0.0264462
sR	1612.154883	70.000000	0.821783	0.0264357
sR	1615.576758	70.000000	0.822642	0.0264528
sR	1618.998730	70.000000	0.823853	0.0264771
sR	1622.420898	70.000000	0.821487	0.0264297
sR	1625.843262	70.000000	0.826281	0.0265256
sR	1629.265918	70.000000	0.822292	0.0264458
sR	1632.688672	70.000000	0.818935	0.0263787
sR	1636.111719	70.000000	0.817651	0.026353
sR	1639.534961	70.000000	0.819565	0.0263913
sR	1642.958398	70.000000	0.819365	0.0263873
sR	1646.382031	70.000000	0.819494	0.0263899
sR	1649.805859	70.000000	0.822226	0.0264445
sR	1653.230078	70.000000	0.827201	0.026544
sR	1656.654297	70.000000	0.810958	0.0262192
sR	1660.078906	70.000000	0.819678	0.0263936
sR	1663.503711	70.000000	0.817685	0.0263537
sR	1666.928906	70.000000	0.820903	0.0264181
sR	1670.354102	70.000000	0.820232	0.0264046
sR	1673.779688	70.000000	0.811744	0.0262349
sR	1677.205664	70.000000	0.823399	0.026468
sR	1680.631641	70.000000	0.810806	0.0262161
sR	1684.058008	70.000000	0.817644	0.0263529
sR	1687.484766	70.000000	0.819041	0.0263808
sR	1690.911719	70.000000	0.821175	0.0264235
sR	1694.338867	70.000000	0.820159	0.0264032
sR	1697.766406	70.000000	0.818332	0.0263666
sR	245.732520	75.000000	0.711579	0.0242316
sR	247.331348	75.000000	0.709176	0.0241835
sR	248.930176	75.000000	0.708411	0.0241682
sR	250.529053	75.000000	0.711429	0.0242286
sR	252.127954	75.000000	0.708613	0.0241723
sR	253.726855	75.000000	0.70941	0.0241882
sR	255.325781	75.000000	0.711439	0.0242288
sR	256.924731	75.000000	0.710387	0.0242077
sR	258.523706	75.000000	0.711397	0.0242279
sR	260.122681	75.000000	0.710819	0.0242164
sR	261.721680	75.000000	0.712698	0.024254
sR	263.320703	75.000000	0.710484	0.0242097
sR	264.919751	75.000000	0.713941	0.0242788
sR	266.518799	75.000000	0.715472	0.0243094
sR	268.117871	75.000000	0.715342	0.0243068
sR	269.716968	75.000000	0.715536	0.0243107
sR	271.316089	75.000000	0.71869	0.0243738
sR	272.915210	75.000000	0.717747	0.0243549
sR	274.514331	75.000000	0.72062	0.0244124
sR	276.113501	75.000000	0.721704	0.0244341
sR	277.712646	75.000000	0.724493	0.0244899
sR	279.311841	75.000000	0.725244	0.0245049
sR	280.911035	75.000000	0.727334	0.0245467
sR	282.510254	75.000000	0.726537	0.0245307
sR	284.109473	75.000000	0.728664	0.0245733
sR	285.708716	75.000000	0.728006	0.0245601
sR	287.307959	75.000000	0.729163	0.0245833
sR	288.907202	75.000000	0.731102	0.024622
sR	290.506494	75.000000	0.732023	0.0246405
sR	292.105762	75.000000	0.736007	0.0247201
sR	293.705078	75.000000	0.73575	0.024715
sR	295.304370	75.000000	0.735224	0.0247045
sR	296.903687	75.000000	0.73509	0.0247018
sR	298.503027	75.000000	0.738246	0.0247649
sR	300.102368	75.000000	0.742037	0.0248407
sR	301.701709	75.000000	0.740578	0.0248116
sR	303.301074	75.000000	0.739404	0.0247881
sR	304.900439	75.000000	0.745623	0.0249125
sR	306.499805	75.000000	0.745687	0.0249137
sR	308.099194	75.000000	0.743784	0.0248757
sR	309.698584	75.000000	0.745999	0.02492
sR	311.297998	75.000000	0.745707	0.0249141
sR	312.897388	75.000000	0.749633	0.0249927
sR	314.496802	75.000000	0.746447	0.0249289
sR	316.096216	75.000000	0.75141	0.0250282
sR	317.695654	75.000000	0.754749	0.025095
sR	319.295093	75.000000	0.752191	0.0250438
sR	320.894531	75.000000	0.749849	0.024997
sR	322.493970	75.000000	0.75188	0.0250376
sR	324.093408	75.000000	0.754218	0.0250844
sR	325.692871	75.000000	0.753245	0.0250649
sR	327.292334	75.000000	0.757461	0.0251492
sR	328.891797	75.000000	0.75897	0.0251794
sR	330.491260	75.000000	0.75615	0.025123
sR	332.090723	75.000000	0.760318	0.0252063
sR	333.690186	75.000000	0.758285	0.0251657
sR	335.289673	75.000000	0.762891	0.0252578
sR	336.889136	75.000000	0.764415	0.0252883
sR	338.488623	75.000000	0.757938	0.0251588
sR	340.088110	75.000000	0.762417	0.0252483
sR	341.687573	75.000000	0.763878	0.0252776
sR	343.287061	75.000000	0.762438	0.0252488
sR	344.886548	75.000000	0.76305	0.025261
sR	346.486035	75.000000	0.766179	0.0253236
sR	348.085522	75.000000	0.768625	0.0253725
sR	349.684985	75.000000	0.768205	0.0253641
sR	351.284473	75.000000	0.764685	0.0252937
sR	352.883960	75.000000	0.772275	0.0254455
sR	354.483423	75.000000	0.767764	0.0253553
sR	356.082910	75.000000	0.766441	0.0253288
sR	357.682373	75.000000	0.770512	0.0254102
sR	359.281860	75.000000	0.768645	0.0253729
sR	360.881323	75.000000	0.768685	0.0253737
sR	362.480786	75.000000	0.774086	0.0254817
sR	364.080249	75.000000	0.771238	0.0254248
sR	365.679712	75.000000	0.77135	0.025427
sR	367.279175	75.000000	0.77406	0.0254812
sR	368.878613	75.000000	0.774986	0.0254997
sR	370.478052	75.000000	0.773716	0.0254743
sR	372.077490	75.000000	0.776876	0.0255375
sR	373.676929	75.000000	0.775714	0.0255143
sR	375.276367	75.000000	0.774751	0.025495
sR	376.875781	75.000000	0.771766	0.0254353
sR	378.475195	75.000000	0.780445	0.0256089
sR	380.074609	75.000000	0.778809	0.0255762
sR	381.673999	75.000000	0.778286	0.0255657
sR	383.273389	75.000000	0.780242	0.0256048
sR	384.872778	75.000000	0.779852	0.025597
sR	386.472168	75.000000	0.780824	0.0256165
sR	388.071533	75.000000	0.782371	0.0256474
sR	389.670898	75.000000	0.783853	0.0256771
sR	391.270239	75.000000	0.781897	0.0256379
sR	392.869580	75.000000	0.780524	0.0256105
sR	394.468921	75.000000	0.783304	0.0256661
sR	396.068237	75.000000	0.781726	0.0256345
sR	397.667554	75.000000	0.783771	0.0256754
sR	399.266846	75.000000	0.782265	0.0256453
sR	400.866138	75.000000	0.785211	0.0257042
sR	402.465405	75.000000	0.783968	0.0256794
sR	404.064673	75.000000	0.783615	0.0256723
sR	405.663916	75.000000	0.788476	0.0257695
sR	407.263159	75.000000	0.786274	0.0257255
sR	408.862378	75.000000	0.785192	0.0257038
sR	410.461572	75.000000	0.785768	0.0257154
sR	412.060791	75.000000	0.786726	0.0257345
sR	413.659961	75.000000	0.786062	0.0257212
sR	415.259131	75.000000	0.789591	0.0257918
sR	416.858301	75.000000	0.79113	0.0258226
sR	418.457422	75.000000	0.7914	0.025828
sR	420.056592	75.000000	0.790692	0.0258138
sR	421.655664	75.000000	0.79195	0.025839
sR	423.254785	75.000000	0.790658	0.0258132
sR	424.853857	75.000000	0.793148	0.025863
sR	426.452930	75.000000	0.791151	0.025823
sR	428.051953	75.000000	0.792241	0.0258448
sR	429.650977	75.000000	0.792861	0.0258572
sR	431.250000	75.000000	0.792002	0.02584
sR	432.848975	75.000000	0.794902	0.025898
sR	434.447949	75.000000	0.795256	0.0259051
sR	436.046924	75.000000	0.795843	0.0259169
sR	437.645850	75.000000	0.796343	0.0259269
sR	439.244727	75.000000	0.795392	0.0259078
sR	440.843652	75.000000	0.795759	0.0259152
sR	442.442529	75.000000	0.797197	0.0259439
sR	444.041357	75.000000	0.797626	0.0259525
sR	445.640186	75.000000	0.799128	0.0259826
sR	447.239014	75.000000	0.798206	0.0259641
sR	448.837793	75.000000	0.798473	0.0259695
sR	450.436572	75.000000	0.800785	0.0260157
sR	452.035303	75.000000	0.800273	0.0260055
sR	453.634033	75.000000	0.802276	0.0260455
sR	455.232715	75.000000	0.80149	0.0260298
sR	456.831396	75.000000	0.802146	0.0260429
sR	458.430078	75.000000	0.802656	0.0260531
sR	460.028711	75.000000	0.802243	0.0260449
sR	461.627295	75.000000	0.804974	0.0260995
sR	463.225879	75.000000	0.803375	0.0260675
sR	464.824463	75.000000	0.805863	0.0261173
sR	466.422949	75.000000	0.805289	0.0261058
sR	468.021484	75.000000	0.805825	0.0261165
sR	469.619971	75.000000	0.80534	0.0261068
sR	471.218408	75.000000	0.80645	0.026129
sR	472.816846	75.000000	0.806542	0.0261308
sR	474.415234	75.000000	0.806356	0.0261271
sR	476.013623	75.000000	0.80807	0.0261614
sR	477.611963	75.000000	0.808569	0.0261714
sR	479.210254	75.000000	0.808589	0.0261718
sR	480.808545	75.000000	0.808722	0.0261745
sR	482.406836	75.000000	0.810538	0.0262108
sR	484.005029	75.000000	0.809098	0.0261819
sR	485.603271	75.000000	0.810993	0.0262199
sR	487.201416	75.000000	0.811545	0.0262309
sR	488.799561	75.000000	0.811786	0.0262357
sR	490.397656	75.000000	0.812135	0.0262427
sR	491.995752	75.000000	0.812246	0.0262449
sR	493.593799	75.000000	0.812121	0.0262424
sR	495.191846	75.000000	0.814156	0.0262831
sR	496.789795	75.000000	0.81328	0.0262656
sR	498.387744	75.000000	0.813214	0.0262643
sR	499.985693	75.000000	0.814227	0.0262845
sR	501.583594	75.000000	0.81465	0.026293
sR	503.181445	75.000000	0.816085	0.0263217
sR	504.779248	75.000000	0.815463	0.0263093
sR	506.377051	75.000000	0.81561	0.0263122
sR	507.974805	75.000000	0.815971	0.0263194
sR	509.572510	75.000000	0.817059	0.0263412
sR	511.170215	75.000000	0.817338	0.0263468
sR	512.767871	75.000000	0.816331	0.0263266
sR	514.365479	75.000000	0.816778	0.0263356
sR	515.963037	75.000000	0.818169	0.0263634
sR	517.560596	75.000000	0.820583	0.0264117
sR	519.158105	75.000000	0.821624	0.0264325
sR	520.755566	75.000000	0.818976	0.0263795
sR	522.353027	75.000000	0.81993	0.0263986
sR	523.950391	75.000000	0.816554	0.0263311
sR	525.547754	75.000000	0.819825	0.0263965
sR	527.145068	75.000000	0.819651	0.026393
sR	528.742383	75.000000	0.820612	0.0264122
sR	530.339600	75.000000	0.821064	0.0264213
sR	531.936816	75.000000	0.822144	0.0264429
sR	533.533984	75.000000	0.823357	0.0264671
sR	535.131104	75.000000	0.822769	0.0264554
sR	536.728174	75.000000	0.822693	0.0264539
sR	538.325244	75.000000	0.822176	0.0264435
sR	539.922266	75.000000	0.82487	0.0264974
sR	541.519189	75.000000	0.825403	0.0265081
sR	543.116113	75.000000	0.824761	0.0264952
sR	544.712988	75.000000	0.825394	0.0265079
sR	546.309863	75.000000	0.824499	0.02649
sR	547.906641	75.000000	0.823582	0.0264716
sR	549.503369	75.000000	0.823797	0.0264759
sR	551.100098	75.000000	0.823637	0.0264727
sR	552.696777	75.000000	0.824784	0.0264957
sR	554.293359	75.000000	0.82658	0.0265316
sR	555.889941	75.000000	0.826278	0.0265256
sR	557.486475	75.000000	0.826999	0.02654
sR	559.082959	75.000000	0.827416	0.0265483
sR	560.679395	75.000000	0.826532	0.0265306
sR	562.275830	75.000000	0.827041	0.0265408
sR	563.872168	75.000000	0.828039	0.0265608
sR	565.468457	75.000000	0.829558	0.0265912
sR	567.064697	75.000000	0.827195	0.0265439
sR	568.660938	75.000000	0.826801	0.026536
sR	570.257080	75.000000	0.829557	0.0265911
sR	571.853223	75.000000	0.829007	0.0265801
sR	573.449268	75.000000	0.829015	0.0265803
sR	575.045313	75.000000	0.830338	0.0266068
sR	576.641260	75.000000	0.829558	0.0265912
sR	578.237207	75.000000	0.830633	0.0266127
sR	579.833057	75.000000	0.830779	0.0266156
sR	581.428857	75.000000	0.829892	0.0265978
sR	583.024658	75.000000	0.82998	0.0265996
sR	584.620361	75.000000	0.830922	0.0266185
sR	586.216064	75.000000	0.830939	0.0266188
sR	587.811670	75.000000	0.831173	0.0266235
sR	589.407227	75.000000	0.831618	0.0266324
sR	591.002734	75.000000	0.830271	0.0266054
sR	592.598193	75.000000	0.831161	0.0266232
sR	594.193604	75.000000	0.830651	0.026613
sR	595.788965	75.000000	0.831149	0.026623
sR	597.384277	75.000000	0.830909	0.0266182
sR	598.979541	75.000000	0.830911	0.0266182
sR	600.574756	75.000000	0.831443	0.0266289
sR	602.169873	75.000000	0.833186	0.0266637
sR	603.764990	75.000000	0.83287	0.0266574
sR	605.360010	75.000000	0.833726	0.0266745
sR	606.954980	75.000000	0.834164	0.0266833
sR	608.549902	75.000000	0.833108	0.0266622
sR	610.144775	75.000000	0.833753	0.0266751
sR	611.739600	75.000000	0.832847	0.0266569
sR	613.334375	75.000000	0.834879	0.0266976
sR	614.929053	75.000000	0.83365	0.026673
sR	616.523730	75.000000	0.833228	0.0266646
sR	618.118311	75.000000	0.834849	0.026697
sR	619.712842	75.000000	0.83588	0.0267176
sR	621.307275	75.000000	0.835292	0.0267058
sR	622.901709	75.000000	0.834613	0.0266923
sR	624.496045	75.000000	0.835538	0.0267108
sR	626.090381	75.000000	0.833768	0.0266754
sR	627.684570	75.000000	0.836137	0.0267227
sR	629.278760	75.000000	0.83724	0.0267448
sR	630.872900	75.000000	0.835803	0.0267161
sR	632.466943	75.000000	0.835281	0.0267056
sR	634.060938	75.000000	0.837055	0.0267411
sR	635.654883	75.000000	0.837094	0.0267419
sR	637.248730	75.000000	0.835435	0.0267087
sR	638.842529	75.000000	0.835221	0.0267044
sR	640.436279	75.000000	0.838747	0.0267749
sR	642.029980	75.000000	0.838261	0.0267652
sR	643.623584	75.000000	0.838527	0.0267705
sR	645.217139	75.000000	0.837752	0.026755
sR	646.810645	75.000000	0.837337	0.0267467
sR	648.404053	75.000000	0.835065	0.0267013
sR	649.997412	75.000000	0.835103	0.0267021
sR	651.590723	75.000000	0.837037	0.0267407
sR	653.183984	75.000000	0.838635	0.0267727
sR	654.777148	75.000000	0.838408	0.0267682
sR	656.370264	75.000000	0.839884	0.0267977
sR	657.963281	75.000000	0.838414	0.0267683
sR	659.556250	75.000000	0.839202	0.026784
sR	661.149170	75.000000	0.83924	0.0267848
sR	662.741992	75.000000	0.840225	0.0268045
sR	664.334766	75.000000	0.84213	0.0268426
sR	665.927490	75.000000	0.839913	0.0267983
sR	667.520117	75.000000	0.8397	0.026794
sR	669.112695	75.000000	0.84021	0.0268042
sR	670.705176	75.000000	0.837823	0.0267565
sR	672.297607	75.000000	0.837793	0.0267559
sR	673.889990	75.000000	0.839846	0.0267969
sR	675.482275	75.000000	0.841015	0.0268203
sR	677.074512	75.000000	0.840153	0.0268031
sR	678.666650	75.000000	0.838805	0.0267761
sR	680.258740	75.000000	0.838375	0.0267675
sR	681.850732	75.000000	0.841367	0.0268273
sR	683.442676	75.000000	0.842451	0.026849
sR	685.034521	75.000000	0.839193	0.0267839
sR	686.626318	75.000000	0.839393	0.0267879
sR	688.218066	75.000000	0.840451	0.026809
sR	689.809717	75.000000	0.841688	0.0268338
sR	691.401270	75.000000	0.842522	0.0268504
sR	692.992773	75.000000	0.842867	0.0268573
sR	694.584229	75.000000	0.842154	0.0268431
sR	696.175586	75.000000	0.843307	0.0268661
sR	697.766846	75.000000	0.840527	0.0268105
sR	699.358057	75.000000	0.839693	0.0267939
sR	700.949170	75.000000	0.844139	0.0268828
sR	702.540234	75.000000	0.842496	0.0268499
sR	704.131201	75.000000	0.841563	0.0268313
sR	705.722119	75.000000	0.843686	0.0268737
sR	707.312939	75.000000	0.84429	0.0268858
sR	708.903711	75.000000	0.844668	0.0268934
sR	710.494385	75.000000	0.843123	0.0268625
sR	712.084961	75.000000	0.845065	0.0269013
sR	713.675488	75.000000	0.848105	0.0269621
sR	715.265918	75.000000	0.845113	0.0269023
sR	716.856299	75.000000	0.847208	0.0269442
sR	718.446582	75.000000	0.846794	0.0269359
sR	720.036768	75.000000	0.846028	0.0269206
sR	721.626904	75.000000	0.844086	0.0268817
sR	723.216943	75.000000	0.84366	0.0268732
sR	724.806885	75.000000	0.843788	0.0268758
sR	726.396777	75.000000	0.84537	0.0269074
sR	727.986572	75.000000	0.844429	0.0268886
sR	729.576318	75.000000	0.844821	0.0268964
sR	731.165967	75.000000	0.845553	0.0269111
sR	732.755518	75.000000	0.843761	0.0268752
sR	734.344971	75.000000	0.843684	0.0268737
sR	735.934375	75.000000	0.845206	0.0269041
sR	737.523682	75.000000	0.845723	0.0269145
sR	739.112891	75.000000	0.846505	0.0269301
sR	740.702051	75.000000	0.845562	0.0269112
sR	742.291113	75.000000	0.845728	0.0269146
sR	743.880078	75.000000	0.84474	0.0268948
sR	745.468994	75.000000	0.844392	0.0268878
sR	747.057764	75.000000	0.847434	0.0269487
sR	748.646484	75.000000	0.84751	0.0269502
sR	750.235156	75.000000	0.84482	0.0268964
sR	751.823682	75.000000	0.84666	0.0269332
sR	753.412158	75.000000	0.848661	0.0269732
sR	755.000537	75.000000	0.84987	0.0269974
sR	756.588818	75.000000	0.847608	0.0269522
sR	758.177002	75.000000	0.847586	0.0269517
sR	759.765137	75.000000	0.848242	0.0269648
sR	761.353125	75.000000	0.847555	0.0269511
sR	762.941064	75.000000	0.845295	0.0269059
sR	764.528906	75.000000	0.848361	0.0269672
sR	766.116699	75.000000	0.846422	0.0269284
sR	767.704346	75.000000	0.848318	0.0269664
sR	769.291943	75.000000	0.849397	0.0269879
sR	770.879443	75.000000	0.849609	0.0269922
sR	772.466846	75.000000	0.848762	0.0269752
sR	774.054150	75.000000	0.849329	0.0269866
sR	775.641357	75.000000	0.849868	0.0269974
sR	777.228467	75.000000	0.848071	0.0269614
sR	778.815527	75.000000	0.849565	0.0269913
sR	780.402441	75.000000	0.85172	0.0270344
sR	781.989307	75.000000	0.850415	0.0270083
sR	783.576074	75.000000	0.851108	0.0270222
sR	785.162744	75.000000	0.850337	0.0270067
sR	786.749316	75.000000	0.850236	0.0270047
sR	788.335791	75.000000	0.850403	0.0270081
sR	789.922168	75.000000	0.852145	0.0270429
sR	791.508447	75.000000	0.851829	0.0270366
sR	793.094629	75.000000	0.849536	0.0269907
sR	794.680762	75.000000	0.849351	0.026987
sR	796.266748	75.000000	0.849442	0.0269888
sR	797.852637	75.000000	0.849844	0.0269969
sR	799.438477	75.000000	0.852391	0.0270478
sR	801.024170	75.000000	0.850357	0.0270071
sR	802.609814	75.000000	0.853038	0.0270608
sR	804.195313	75.000000	0.853665	0.0270733
sR	805.780762	75.000000	0.855899	0.027118
sR	807.366064	75.000000	0.855302	0.027106
sR	808.951318	75.000000	0.854802	0.027096
sR	810.536426	75.000000	0.851911	0.0270382
sR	812.121484	75.000000	0.852822	0.0270564
sR	813.706396	75.000000	0.852858	0.0270572
sR	815.291211	75.000000	0.847222	0.0269444
sR	816.875977	75.000000	0.85467	0.0270934
sR	818.460596	75.000000	0.854571	0.0270914
sR	820.045117	75.000000	0.85257	0.0270514
sR	821.629590	75.000000	0.853677	0.0270735
sR	823.213867	75.000000	0.857243	0.0271449
sR	824.798145	75.000000	0.855813	0.0271163
sR	826.382227	75.000000	0.856903	0.0271381
sR	827.966211	75.000000	0.857872	0.0271575
sR	829.550195	75.000000	0.853962	0.0270792
sR	831.133984	75.000000	0.851612	0.0270322
sR	832.717676	75.000000	0.852479	0.0270496
sR	834.301270	75.000000	0.854725	0.0270945
sR	835.884863	75.000000	0.852208	0.0270442
sR	837.468262	75.000000	0.85068	0.0270136
sR	839.051563	75.000000	0.854823	0.0270965
sR	840.634668	75.000000	0.855251	0.027105
sR	842.217773	75.000000	0.858268	0.0271654
sR	843.800781	75.000000	0.859375	0.0271875
sR	845.383691	75.000000	0.8572	0.027144
sR	846.966406	75.000000	0.855169	0.0271034
sR	848.549121	75.000000	0.849581	0.0269916
sR	850.131641	75.000000	0.853681	0.0270736
sR	851.714063	75.000000	0.856382	0.0271276
sR	853.296484	75.000000	0.858217	0.0271643
sR	854.878711	75.000000	0.856484	0.0271297
sR	856.460840	75.000000	0.854568	0.0270914
sR	858.042773	75.000000	0.855374	0.0271075
sR	859.624707	75.000000	0.855479	0.0271096
sR	861.206543	75.000000	0.858712	0.0271742
sR	862.788184	75.000000	0.856167	0.0271233
sR	864.369824	75.000000	0.856789	0.0271358
sR	865.951270	75.000000	0.856362	0.0271272
sR	867.532617	75.000000	0.855668	0.0271134
sR	869.113867	75.000000	0.85754	0.0271508
sR	870.695020	75.000000	0.854706	0.0270941
sR	872.275977	75.000000	0.853378	0.0270676
sR	873.856934	75.000000	0.855046	0.0271009
sR	875.437695	75.000000	0.857146	0.0271429
sR	877.018359	75.000000	0.859859	0.0271972
sR	878.599023	75.000000	0.85842	0.0271684
sR	880.179395	75.000000	0.85838	0.0271676
sR	881.759766	75.000000	0.855694	0.0271139
sR	883.340039	75.000000	0.859004	0.0271801
sR	884.920117	75.000000	0.857182	0.0271436
sR	886.500098	75.000000	0.858539	0.0271708
sR	888.079980	75.000000	0.856901	0.027138
sR	889.659766	75.000000	0.856533	0.0271307
sR	891.239453	75.000000	0.853857	0.0270771
sR	892.818945	75.000000	0.85615	0.027123
sR	894.398438	75.000000	0.862643	0.0272529
sR	895.977734	75.000000	0.859312	0.0271862
sR	897.556934	75.000000	0.855416	0.0271083
sR	899.135938	75.000000	0.858789	0.0271758
sR	900.714941	75.000000	0.860399	0.027208
sR	902.293750	75.000000	0.858594	0.0271719
sR	903.872461	75.000000	0.857006	0.0271401
sR	905.451074	75.000000	0.860115	0.0272023
sR	907.029590	75.000000	0.854806	0.0270961
sR	908.607910	75.000000	0.859826	0.0271965
sR	910.186133	75.000000	0.858288	0.0271658
sR	911.764258	75.000000	0.858467	0.0271693
sR	913.342285	75.000000	0.856812	0.0271362
sR	914.920117	75.000000	0.855427	0.0271085
sR	916.497852	75.000000	0.856603	0.0271321
sR	918.075488	75.000000	0.859301	0.027186
sR	919.653027	75.000000	0.860476	0.0272095
sR	921.230469	75.000000	0.859985	0.0271997
sR	922.807715	75.000000	0.856465	0.0271293
sR	924.384863	75.000000	0.859471	0.0271894
sR	925.961914	75.000000	0.856455	0.0271291
sR	927.538770	75.000000	0.859663	0.0271933
sR	929.115527	75.000000	0.862648	0.027253
sR	930.692188	75.000000	0.857978	0.0271596
sR	932.268750	75.000000	0.862995	0.0272599
sR	933.845117	75.000000	0.862382	0.0272476
sR	935.421387	75.000000	0.865819	0.0273164
sR	936.997559	75.000000	0.863507	0.0272701
sR	938.573535	75.000000	0.860268	0.0272054
sR	940.149414	75.000000	0.863087	0.0272617
sR	941.725195	75.000000	0.864573	0.0272915
sR	943.300879	75.000000	0.857655	0.0271531
sR	944.876367	75.000000	0.866211	0.0273242
sR	946.451758	75.000000	0.864598	0.027292
sR	948.027051	75.000000	0.86241	0.0272482
sR	949.602148	75.000000	0.855854	0.0271171
sR	951.177148	75.000000	0.862216	0.0272443
sR	952.752051	75.000000	0.8617	0.027234
sR	954.326758	75.000000	0.857322	0.0271464
sR	955.901367	75.000000	0.86023	0.0272046
sR	957.475879	75.000000	0.858467	0.0271693
sR	959.050195	75.000000	0.864017	0.0272803
sR	960.624512	75.000000	0.860922	0.0272184
sR	962.198535	75.000000	0.861203	0.0272241
sR	963.772559	75.000000	0.856357	0.0271271
sR	965.346387	75.000000	0.857156	0.0271431
sR	966.920020	75.000000	0.854863	0.0270973
sR	968.493652	75.000000	0.858291	0.0271658
sR	970.066992	75.000000	0.861645	0.0272329
sR	971.640332	75.000000	0.865824	0.0273165
sR	973.213477	75.000000	0.864561	0.0272912
sR	974.786523	75.000000	0.863425	0.0272685
sR	976.359473	75.000000	0.863076	0.0272615
sR	977.932227	75.000000	0.863468	0.0272694
sR	979.504785	75.000000	0.86586	0.0273172
sR	981.077344	75.000000	0.867115	0.0273423
sR	982.649707	75.000000	0.868347	0.0273669
sR	984.221875	75.000000	0.867629	0.0273526
sR	985.793945	75.000000	0.865743	0.0273149
sR	987.365918	75.000000	0.865161	0.0273032
sR	988.937793	75.000000	0.865892	0.0273178
sR	990.509375	75.000000	0.867746	0.0273549
sR	992.080957	75.000000	0.868081	0.0273616
sR	993.652344	75.000000	0.868512	0.0273702
sR	995.223633	75.000000	0.869756	0.0273951
sR	996.794727	75.000000	0.870908	0.0274182
sR	998.365723	75.000000	0.872207	0.0274441
sR	999.936523	75.000000	0.868535	0.0273707
sR	1012.422852	75.000000	0.839994	0.0267999
sR	1015.876367	75.000000	0.839708	0.0267942
sR	1019.329297	75.000000	0.838649	0.026773
sR	1022.781836	75.000000	0.837847	0.0267569
sR	1026.233691	75.000000	0.839875	0.0267975
sR	1029.685059	75.000000	0.838172	0.0267634
sR	1033.135938	75.000000	0.839594	0.0267919
sR	1036.586230	75.000000	0.84221	0.0268442
sR	1040.036035	75.000000	0.839063	0.0267813
sR	1043.485352	75.000000	0.842967	0.0268593
sR	1046.934082	75.000000	0.842504	0.0268501
sR	1050.382324	75.000000	0.840308	0.0268062
sR	1053.830078	75.000000	0.844188	0.0268838
sR	1057.277344	75.000000	0.841536	0.0268307
sR	1060.724121	75.000000	0.841395	0.0268279
sR	1064.170410	75.000000	0.843553	0.0268711
sR	1067.616113	75.000000	0.843073	0.0268615
sR	1071.061426	75.000000	0.840413	0.0268083
sR	1074.506250	75.000000	0.843262	0.0268652
sR	1077.950586	75.000000	0.842828	0.0268566
sR	1081.394434	75.000000	0.844186	0.0268837
sR	1084.837891	75.000000	0.845545	0.0269109
sR	1088.280762	75.000000	0.845226	0.0269045
sR	1091.723242	75.000000	0.840014	0.0268003
sR	1095.165332	75.000000	0.839903	0.0267981
sR	1098.606836	75.000000	0.84376	0.0268752
sR	1102.047949	75.000000	0.843166	0.0268633
sR	1105.488672	75.000000	0.843429	0.0268686
sR	1108.928906	75.000000	0.845704	0.0269141
sR	1112.368750	75.000000	0.842504	0.0268501
sR	1115.808105	75.000000	0.840431	0.0268086
sR	1119.247070	75.000000	0.843107	0.0268621
sR	1122.685645	75.000000	0.843938	0.0268788
sR	1126.123730	75.000000	0.845804	0.0269161
sR	1129.561426	75.000000	0.845934	0.0269187
sR	1132.998730	75.000000	0.844097	0.0268819
sR	1136.435645	75.000000	0.849769	0.0269954
sR	1139.872168	75.000000	0.844413	0.0268883
sR	1143.308203	75.000000	0.845832	0.0269166
sR	1146.743945	75.000000	0.845726	0.0269145
sR	1150.179297	75.000000	0.844862	0.0268972
sR	1153.614258	75.000000	0.843995	0.0268799
sR	1157.048828	75.000000	0.84547	0.0269094
sR	1160.483008	75.000000	0.842189	0.0268438
sR	1163.916797	75.000000	0.850395	0.0270079
sR	1167.350195	75.000000	0.850492	0.0270098
sR	1170.783301	75.000000	0.848619	0.0269724
sR	1174.216016	75.000000	0.847488	0.0269498
sR	1177.648438	75.000000	0.844231	0.0268846
sR	1181.080469	75.000000	0.84885	0.026977
sR	1184.512109	75.000000	0.8483	0.026966
sR	1187.943457	75.000000	0.84373	0.0268746
sR	1191.374512	75.000000	0.847615	0.0269523
sR	1194.805176	75.000000	0.848682	0.0269736
sR	1198.235547	75.000000	0.844222	0.0268844
sR	1201.665527	75.000000	0.844455	0.0268891
sR	1205.095215	75.000000	0.843241	0.0268648
sR	1208.524609	75.000000	0.848782	0.0269756
sR	1211.953711	75.000000	0.845588	0.0269118
sR	1215.382422	75.000000	0.845212	0.0269042
sR	1218.810938	75.000000	0.843694	0.0268739
sR	1222.239063	75.000000	0.843234	0.0268647
sR	1225.666895	75.000000	0.844575	0.0268915
sR	1229.094531	75.000000	0.849484	0.0269897
sR	1232.521777	75.000000	0.847862	0.0269572
sR	1235.948828	75.000000	0.846927	0.0269385
sR	1239.375586	75.000000	0.851553	0.0270311
sR	1242.801953	75.000000	0.845593	0.0269119
sR	1246.228223	75.000000	0.848628	0.0269726
sR	1249.654102	75.000000	0.844356	0.0268871
sR	1253.079785	75.000000	0.84349	0.0268698
sR	1256.505176	75.000000	0.84308	0.0268616
sR	1259.930273	75.000000	0.847906	0.0269581
sR	1263.355273	75.000000	0.844506	0.0268901
sR	1266.779883	75.000000	0.847321	0.0269464
sR	1270.204297	75.000000	0.849146	0.0269829
sR	1273.628516	75.000000	0.848445	0.0269689
sR	1277.052441	75.000000	0.849493	0.0269899
sR	1280.476172	75.000000	0.843892	0.0268778
sR	1283.899609	75.000000	0.846046	0.0269209
sR	1287.322949	75.000000	0.841737	0.0268347
sR	1290.745996	75.000000	0.846055	0.0269211
sR	1294.168848	75.000000	0.84412	0.0268824
sR	1297.591504	75.000000	0.844133	0.0268827
sR	1301.013965	75.000000	0.851762	0.0270352
sR	1304.436230	75.000000	0.852242	0.0270448
sR	1307.858301	75.000000	0.846511	0.0269302
sR	1311.280078	75.000000	0.851722	0.0270344
sR	1314.701758	75.000000	0.847183	0.0269437
sR	1318.123340	75.000000	0.846417	0.0269283
sR	1321.544629	75.000000	0.845595	0.0269119
sR	1324.965723	75.000000	0.844847	0.0268969
sR	1328.386719	75.000000	0.847935	0.0269587
sR	1331.807520	75.000000	0.843376	0.0268675
sR	1335.228223	75.000000	0.841936	0.0268387
sR	1338.648730	75.000000	0.844372	0.0268874
sR	1342.069043	75.000000	0.846784	0.0269357
sR	1345.489258	75.000000	0.847419	0.0269484
sR	1348.909277	75.000000	0.848923	0.0269785
sR	1352.329199	75.000000	0.848161	0.0269632
sR	1355.749023	75.000000	0.843247	0.0268649
sR	1359.168652	75.000000	0.849125	0.0269825
sR	1362.588184	75.000000	0.847348	0.026947
sR	1366.007617	75.000000	0.849208	0.0269842
sR	1369.426855	75.000000	0.84597	0.0269194
sR	1372.845996	75.000000	0.851962	0.0270392
sR	1376.265039	75.000000	0.845936	0.0269187
sR	1379.684082	75.000000	0.843265	0.0268653
sR	1383.102930	75.000000	0.848811	0.0269762
sR	1386.521680	75.000000	0.847974	0.0269595
sR	1389.940332	75.000000	0.848195	0.0269639
sR	1393.358887	75.000000	0.847101	0.026942
sR	1396.777344	75.000000	0.843047	0.0268609
sR	1400.195801	75.000000	0.846765	0.0269353
sR	1403.614063	75.000000	0.846011	0.0269202
sR	1407.032324	75.000000	0.853623	0.0270725
sR	1410.450586	75.000000	0.846006	0.0269201
sR	1413.868652	75.000000	0.848113	0.0269623
sR	1417.286719	75.000000	0.846769	0.0269354
sR	1420.704785	75.000000	0.846232	0.0269246
sR	1424.122754	75.000000	0.846473	0.0269295
sR	1427.540625	75.000000	0.842913	0.0268583
sR	1430.958496	75.000000	0.843327	0.0268665
sR	1434.376367	75.000000	0.846298	0.026926
sR	1437.794141	75.000000	0.844928	0.0268986
sR	1441.211914	75.000000	0.841365	0.0268273
sR	1444.629688	75.000000	0.840944	0.0268189
sR	1448.047363	75.000000	0.84315	0.026863
sR	1451.465039	75.000000	0.844269	0.0268854
sR	1454.882813	75.000000	0.844634	0.0268927
sR	1458.300488	75.000000	0.839778	0.0267956
sR	1461.718164	75.000000	0.846909	0.0269382
sR	1465.135840	75.000000	0.846246	0.0269249
sR	1468.553516	75.000000	0.844584	0.0268917
sR	1471.971191	75.000000	0.840147	0.0268029
sR	1475.388867	75.000000	0.84182	0.0268364
sR	1478.806543	75.000000	0.849446	0.0269889
sR	1482.224316	75.000000	0.849908	0.0269982
sR	1485.642090	75.000000	0.845782	0.0269156
sR	1489.059863	75.000000	0.842343	0.0268469
sR	1492.477734	75.000000	0.840538	0.0268108
sR	1495.895508	75.000000	0.844669	0.0268934
sR	1499.313477	75.000000	0.848699	0.026974
sR	1502.731445	75.000000	0.848059	0.0269612
sR	1506.149414	75.000000	0.851141	0.0270228
sR	1509.567480	75.000000	0.851994	0.0270399
sR	1512.985547	75.000000	0.848026	0.0269605
sR	1516.403711	75.000000	0.845859	0.0269172
sR	1519.821973	75.000000	0.846023	0.0269205
sR	1523.240234	75.000000	0.841651	0.026833
sR	1526.658691	75.000000	0.837972	0.0267594
sR	1530.077148	75.000000	0.839479	0.0267896
sR	1533.495703	75.000000	0.843395	0.0268679
sR	1536.914258	75.000000	0.843281	0.0268656
sR	1540.333008	75.000000	0.849605	0.0269921
sR	1543.751855	75.000000	0.850587	0.0270117
sR	1547.170801	75.000000	0.845551	0.026911
sR	1550.589844	75.000000	0.843166	0.0268633
sR	1554.008887	75.000000	0.850584	0.0270117
sR	1557.428223	75.000000	0.847202	0.026944
sR	1560.847559	75.000000	0.848374	0.0269675
sR	1564.266992	75.000000	0.845576	0.0269115
sR	1567.686621	75.000000	0.847043	0.0269409
sR	1571.106348	75.000000	0.852166	0.0270433
sR	1574.526270	75.000000	0.843972	0.0268794
sR	1577.946289	75.000000	0.851895	0.0270379
sR	1581.366406	75.000000	0.843004	0.0268601
sR	1584.786719	75.000000	0.850271	0.0270054
sR	1588.207227	75.000000	0.853354	0.0270671
sR	1591.627832	75.000000	0.842113	0.0268423
sR	1595.048535	75.000000	0.846958	0.0269392
sR	1598.469531	75.000000	0.85813	0.0271626
sR	1601.890625	75.000000	0.842259	0.0268452
sR	1605.311816	75.000000	0.851694	0.0270339
sR	1608.733301	75.000000	0.849692	0.0269938
sR	1612.154883	75.000000	0.845548	0.026911
sR	1615.576758	75.000000	0.850562	0.0270112
sR	1618.998730	75.000000	0.849593	0.0269919
sR	1622.420898	75.000000	0.85294	0.0270588
sR	1625.843262	75.000000	0.847976	0.0269595
sR	1629.265918	75.000000	0.842481	0.0268496
sR	1632.688672	75.000000	0.843742	0.0268748
sR	1636.111719	75.000000	0.850349	0.027007
sR	1639.534961	75.000000	0.843251	0.026865
sR	1642.958398	75.000000	0.845691	0.0269138
sR	1646.382031	75.000000	0.847709	0.0269542
sR	1649.805859	75.000000	0.852643	0.0270529
sR	1653.230078	75.000000	0.846734	0.0269347
sR	1656.654297	75.000000	0.838598	0.026772
sR	1660.078906	75.000000	0.846005	0.0269201
sR	1663.503711	75.000000	0.843699	0.026874
sR	1666.928906	75.000000	0.850085	0.0270017
sR	1670.354102	75.000000	0.846854	0.0269371
sR	1673.779688	75.000000	0.839659	0.0267932
sR	1677.205664	75.000000	0.848988	0.0269798
sR	1680.631641	75.000000	0.838056	0.0267611
sR	1684.058008	75.000000	0.841073	0.0268215
sR	1687.484766	75.000000	0.840671	0.0268134
sR	1690.911719	75.000000	0.846342	0.0269268
sR	1694.338867	75.000000	0.846119	0.0269224
sR	1697.766406	75.000000	0.842923	0.0268585