Wafer 4 12062006 s-polarized reflectance
RTmethod[PolRT=89.92, RevsRT=40, WVASE=3.616, HardVer=17.034, Wed Dec 06 16:29:02 2006]
Original[w4_12062006_s-pol_reflectance.dat]
nm
sR	245.732520	65.000000	0.554546	0.0210909
sR	247.331348	65.000000	0.552119	0.0210424
sR	248.930176	65.000000	0.551349	0.021027
sR	250.529053	65.000000	0.549056	0.0209811
sR	252.127954	65.000000	0.546846	0.0209369
sR	253.726855	65.000000	0.543462	0.0208692
sR	255.325781	65.000000	0.540998	0.02082
sR	256.924731	65.000000	0.538271	0.0207654
sR	258.523706	65.000000	0.534358	0.0206872
sR	260.122681	65.000000	0.530346	0.0206069
sR	261.721680	65.000000	0.526511	0.0205302
sR	263.320703	65.000000	0.52301	0.0204602
sR	264.919751	65.000000	0.520428	0.0204086
sR	266.518799	65.000000	0.521207	0.0204241
sR	268.117871	65.000000	0.526027	0.0205205
sR	269.716968	65.000000	0.537812	0.0207562
sR	271.316089	65.000000	0.552016	0.0210403
sR	272.915210	65.000000	0.565792	0.0213158
sR	274.514331	65.000000	0.580071	0.0216014
sR	276.113501	65.000000	0.593781	0.0218756
sR	277.712646	65.000000	0.60134	0.0220268
sR	279.311841	65.000000	0.600505	0.0220101
sR	280.911035	65.000000	0.588648	0.021773
sR	282.510254	65.000000	0.569165	0.0213833
sR	284.109473	65.000000	0.536788	0.0207358
sR	285.708716	65.000000	0.485381	0.0197076
sR	287.307959	65.000000	0.419097	0.0183819
sR	288.907202	65.000000	0.348871	0.0169774
sR	290.506494	65.000000	0.277599	0.015552
sR	292.105762	65.000000	0.226128	0.0145226
sR	293.705078	65.000000	0.218663	0.0143733
sR	295.304370	65.000000	0.256575	0.0151315
sR	296.903687	65.000000	0.326277	0.0165255
sR	298.503027	65.000000	0.406489	0.0181298
sR	300.102368	65.000000	0.481583	0.0196317
sR	301.701709	65.000000	0.54577	0.0209154
sR	303.301074	65.000000	0.60118	0.0220236
sR	304.900439	65.000000	0.636928	0.0227386
sR	306.499805	65.000000	0.670433	0.0234087
sR	308.099194	65.000000	0.689848	0.023797
sR	309.698584	65.000000	0.711552	0.024231
sR	311.297998	65.000000	0.725081	0.0245016
sR	312.897388	65.000000	0.734815	0.0246963
sR	314.496802	65.000000	0.741239	0.0248248
sR	316.096216	65.000000	0.744146	0.0248829
sR	317.695654	65.000000	0.745315	0.0249063
sR	319.295093	65.000000	0.745029	0.0249006
sR	320.894531	65.000000	0.741732	0.0248346
sR	322.493970	65.000000	0.733911	0.0246782
sR	324.093408	65.000000	0.73319	0.0246638
sR	325.692871	65.000000	0.72314	0.0244628
sR	327.292334	65.000000	0.709476	0.0241895
sR	328.891797	65.000000	0.700789	0.0240158
sR	330.491260	65.000000	0.684229	0.0236846
sR	332.090723	65.000000	0.668155	0.0233631
sR	333.690186	65.000000	0.649684	0.0229937
sR	335.289673	65.000000	0.626401	0.022528
sR	336.889136	65.000000	0.601988	0.0220398
sR	338.488623	65.000000	0.572288	0.0214458
sR	340.088110	65.000000	0.538366	0.0207673
sR	341.687573	65.000000	0.499687	0.0199937
sR	343.287061	65.000000	0.462734	0.0192547
sR	344.886548	65.000000	0.418439	0.0183688
sR	346.486035	65.000000	0.375229	0.0175046
sR	348.085522	65.000000	0.322006	0.0164401
sR	349.684985	65.000000	0.269892	0.0153978
sR	351.284473	65.000000	0.220014	0.0144003
sR	352.883960	65.000000	0.17628	0.0135256
sR	354.483423	65.000000	0.136519	0.0127304
sR	356.082910	65.000000	0.105675	0.0121135
sR	357.682373	65.000000	0.0857357	0.0117147
sR	359.281860	65.000000	0.0798116	0.0115962
sR	360.881323	65.000000	0.0869096	0.0117382
sR	362.480786	65.000000	0.102294	0.0120459
sR	364.080249	65.000000	0.130375	0.0126075
sR	365.679712	65.000000	0.165775	0.0133155
sR	367.279175	65.000000	0.202651	0.014053
sR	368.878613	65.000000	0.241843	0.0148369
sR	370.478052	65.000000	0.285791	0.0157158
sR	372.077490	65.000000	0.327265	0.0165453
sR	373.676929	65.000000	0.366368	0.0173274
sR	375.276367	65.000000	0.404303	0.0180861
sR	376.875781	65.000000	0.435507	0.0187101
sR	378.475195	65.000000	0.468367	0.0193674
sR	380.074609	65.000000	0.49677	0.0199354
sR	381.673999	65.000000	0.520927	0.0204185
sR	383.273389	65.000000	0.546862	0.0209372
sR	384.872778	65.000000	0.570133	0.0214027
sR	386.472168	65.000000	0.592391	0.0218478
sR	388.071533	65.000000	0.607231	0.0221446
sR	389.670898	65.000000	0.622069	0.0224414
sR	391.270239	65.000000	0.638994	0.0227799
sR	392.869580	65.000000	0.64946	0.0229892
sR	394.468921	65.000000	0.662207	0.0232441
sR	396.068237	65.000000	0.67193	0.0234386
sR	397.667554	65.000000	0.683984	0.0236797
sR	399.266846	65.000000	0.693362	0.0238672
sR	400.866138	65.000000	0.699231	0.0239846
sR	402.465405	65.000000	0.706168	0.0241234
sR	404.064673	65.000000	0.713817	0.0242763
sR	405.663916	65.000000	0.717067	0.0243413
sR	407.263159	65.000000	0.723503	0.0244701
sR	408.862378	65.000000	0.727651	0.024553
sR	410.461572	65.000000	0.73408	0.0246816
sR	412.060791	65.000000	0.739802	0.024796
sR	413.659961	65.000000	0.741266	0.0248253
sR	415.259131	65.000000	0.743535	0.0248707
sR	416.858301	65.000000	0.747588	0.0249518
sR	418.457422	65.000000	0.748975	0.0249795
sR	420.056592	65.000000	0.750957	0.0250191
sR	421.655664	65.000000	0.752087	0.0250417
sR	423.254785	65.000000	0.754671	0.0250934
sR	424.853857	65.000000	0.754992	0.0250998
sR	426.452930	65.000000	0.758781	0.0251756
sR	428.051953	65.000000	0.758118	0.0251624
sR	429.650977	65.000000	0.756732	0.0251346
sR	431.250000	65.000000	0.758757	0.0251751
sR	432.848975	65.000000	0.758925	0.0251785
sR	434.447949	65.000000	0.75801	0.0251602
sR	436.046924	65.000000	0.759197	0.0251839
sR	437.645850	65.000000	0.758932	0.0251786
sR	439.244727	65.000000	0.754887	0.0250977
sR	440.843652	65.000000	0.75365	0.025073
sR	442.442529	65.000000	0.753625	0.0250725
sR	444.041357	65.000000	0.753522	0.0250704
sR	445.640186	65.000000	0.750782	0.0250156
sR	447.239014	65.000000	0.750191	0.0250038
sR	448.837793	65.000000	0.745902	0.024918
sR	450.436572	65.000000	0.745608	0.0249122
sR	452.035303	65.000000	0.744057	0.0248811
sR	453.634033	65.000000	0.738518	0.0247704
sR	455.232715	65.000000	0.736929	0.0247386
sR	456.831396	65.000000	0.733584	0.0246717
sR	458.430078	65.000000	0.729033	0.0245807
sR	460.028711	65.000000	0.728462	0.0245692
sR	461.627295	65.000000	0.722324	0.0244465
sR	463.225879	65.000000	0.717763	0.0243553
sR	464.824463	65.000000	0.712743	0.0242549
sR	466.422949	65.000000	0.71044	0.0242088
sR	468.021484	65.000000	0.703775	0.0240755
sR	469.619971	65.000000	0.699676	0.0239935
sR	471.218408	65.000000	0.693302	0.023866
sR	472.816846	65.000000	0.688699	0.023774
sR	474.415234	65.000000	0.683513	0.0236703
sR	476.013623	65.000000	0.677104	0.0235421
sR	477.611963	65.000000	0.668644	0.0233729
sR	479.210254	65.000000	0.662241	0.0232448
sR	480.808545	65.000000	0.654236	0.0230847
sR	482.406836	65.000000	0.64885	0.022977
sR	484.005029	65.000000	0.639345	0.0227869
sR	485.603271	65.000000	0.628709	0.0225742
sR	487.201416	65.000000	0.622098	0.022442
sR	488.799561	65.000000	0.613526	0.0222705
sR	490.397656	65.000000	0.602553	0.0220511
sR	491.995752	65.000000	0.592033	0.0218407
sR	493.593799	65.000000	0.581883	0.0216377
sR	495.191846	65.000000	0.569523	0.0213905
sR	496.789795	65.000000	0.556527	0.0211305
sR	498.387744	65.000000	0.5452	0.020904
sR	499.985693	65.000000	0.533288	0.0206658
sR	501.583594	65.000000	0.518658	0.0203732
sR	503.181445	65.000000	0.503996	0.0200799
sR	504.779248	65.000000	0.489885	0.0197977
sR	506.377051	65.000000	0.473701	0.019474
sR	507.974805	65.000000	0.457858	0.0191572
sR	509.572510	65.000000	0.4413	0.018826
sR	511.170215	65.000000	0.424718	0.0184944
sR	512.767871	65.000000	0.406273	0.0181255
sR	514.365479	65.000000	0.388752	0.017775
sR	515.963037	65.000000	0.370796	0.0174159
sR	517.560596	65.000000	0.351037	0.0170207
sR	519.158105	65.000000	0.333411	0.0166682
sR	520.755566	65.000000	0.313054	0.0162611
sR	522.353027	65.000000	0.294462	0.0158892
sR	523.950391	65.000000	0.273173	0.0154635
sR	525.547754	65.000000	0.255503	0.0151101
sR	527.145068	65.000000	0.235861	0.0147172
sR	528.742383	65.000000	0.215946	0.0143189
sR	530.339600	65.000000	0.196272	0.0139254
sR	531.936816	65.000000	0.17659	0.0135318
sR	533.533984	65.000000	0.157488	0.0131498
sR	535.131104	65.000000	0.138599	0.012772
sR	536.728174	65.000000	0.12069	0.0124138
sR	538.325244	65.000000	0.103244	0.0120649
sR	539.922266	65.000000	0.0876773	0.0117535
sR	541.519189	65.000000	0.0730646	0.0114613
sR	543.116113	65.000000	0.0594698	0.0111894
sR	544.712988	65.000000	0.0476338	0.0109527
sR	546.309863	65.000000	0.0372618	0.0107452
sR	547.906641	65.000000	0.0285149	0.0105703
sR	549.503369	65.000000	0.0217411	0.0104348
sR	551.100098	65.000000	0.0164481	0.010329
sR	552.696777	65.000000	0.0131638	0.0102633
sR	554.293359	65.000000	0.0115657	0.0102313
sR	555.889941	65.000000	0.0116606	0.0102332
sR	557.486475	65.000000	0.0136843	0.0102737
sR	559.082959	65.000000	0.0174552	0.0103491
sR	560.679395	65.000000	0.0230935	0.0104619
sR	562.275830	65.000000	0.0299305	0.0105986
sR	563.872168	65.000000	0.0384913	0.0107698
sR	565.468457	65.000000	0.0482918	0.0109658
sR	567.064697	65.000000	0.0595261	0.0111905
sR	568.660938	65.000000	0.0718691	0.0114374
sR	570.257080	65.000000	0.085357	0.0117071
sR	571.853223	65.000000	0.0990937	0.0119819
sR	573.449268	65.000000	0.113321	0.0122664
sR	575.045313	65.000000	0.129136	0.0125827
sR	576.641260	65.000000	0.144651	0.012893
sR	578.237207	65.000000	0.160659	0.0132132
sR	579.833057	65.000000	0.177145	0.0135429
sR	581.428857	65.000000	0.193809	0.0138762
sR	583.024658	65.000000	0.209442	0.0141888
sR	584.620361	65.000000	0.225943	0.0145189
sR	586.216064	65.000000	0.242906	0.0148581
sR	587.811670	65.000000	0.259668	0.0151934
sR	589.407227	65.000000	0.275778	0.0155156
sR	591.002734	65.000000	0.291581	0.0158316
sR	592.598193	65.000000	0.306933	0.0161387
sR	594.193604	65.000000	0.322743	0.0164549
sR	595.788965	65.000000	0.337167	0.0167433
sR	597.384277	65.000000	0.351408	0.0170282
sR	598.979541	65.000000	0.36573	0.0173146
sR	600.574756	65.000000	0.380141	0.0176028
sR	602.169873	65.000000	0.394022	0.0178804
sR	603.764990	65.000000	0.408203	0.0181641
sR	605.360010	65.000000	0.419402	0.018388
sR	606.954980	65.000000	0.43267	0.0186534
sR	608.549902	65.000000	0.444111	0.0188822
sR	610.144775	65.000000	0.456428	0.0191286
sR	611.739600	65.000000	0.466973	0.0193395
sR	613.334375	65.000000	0.479503	0.0195901
sR	614.929053	65.000000	0.489798	0.019796
sR	616.523730	65.000000	0.498482	0.0199696
sR	618.118311	65.000000	0.508678	0.0201736
sR	619.712842	65.000000	0.518355	0.0203671
sR	621.307275	65.000000	0.527434	0.0205487
sR	622.901709	65.000000	0.537165	0.0207433
sR	624.496045	65.000000	0.546156	0.0209231
sR	626.090381	65.000000	0.554122	0.0210824
sR	627.684570	65.000000	0.561488	0.0212298
sR	629.278760	65.000000	0.568625	0.0213725
sR	630.872900	65.000000	0.57633	0.0215266
sR	632.466943	65.000000	0.584177	0.0216835
sR	634.060938	65.000000	0.592171	0.0218434
sR	635.654883	65.000000	0.597113	0.0219423
sR	637.248730	65.000000	0.604225	0.0220845
sR	638.842529	65.000000	0.610469	0.0222094
sR	640.436279	65.000000	0.617379	0.0223476
sR	642.029980	65.000000	0.62204	0.0224408
sR	643.623584	65.000000	0.627874	0.0225575
sR	645.217139	65.000000	0.632611	0.0226522
sR	646.810645	65.000000	0.639343	0.0227869
sR	648.404053	65.000000	0.644017	0.0228803
sR	649.997412	65.000000	0.647851	0.022957
sR	651.590723	65.000000	0.653107	0.0230621
sR	653.183984	65.000000	0.658776	0.0231755
sR	654.777148	65.000000	0.663824	0.0232765
sR	656.370264	65.000000	0.668955	0.0233791
sR	657.963281	65.000000	0.67062	0.0234124
sR	659.556250	65.000000	0.674374	0.0234875
sR	661.149170	65.000000	0.679816	0.0235963
sR	662.741992	65.000000	0.682908	0.0236582
sR	664.334766	65.000000	0.686143	0.0237229
sR	665.927490	65.000000	0.689682	0.0237936
sR	667.520117	65.000000	0.693008	0.0238602
sR	669.112695	65.000000	0.696011	0.0239202
sR	670.705176	65.000000	0.699357	0.0239871
sR	672.297607	65.000000	0.702245	0.0240449
sR	673.889990	65.000000	0.706221	0.0241244
sR	675.482275	65.000000	0.709291	0.0241858
sR	677.074512	65.000000	0.711977	0.0242395
sR	678.666650	65.000000	0.715148	0.024303
sR	680.258740	65.000000	0.717588	0.0243518
sR	681.850732	65.000000	0.720181	0.0244036
sR	683.442676	65.000000	0.724515	0.0244903
sR	685.034521	65.000000	0.725653	0.0245131
sR	686.626318	65.000000	0.72783	0.0245566
sR	688.218066	65.000000	0.730658	0.0246132
sR	689.809717	65.000000	0.731555	0.0246311
sR	691.401270	65.000000	0.735485	0.0247097
sR	692.992773	65.000000	0.737858	0.0247572
sR	694.584229	65.000000	0.740097	0.0248019
sR	696.175586	65.000000	0.743287	0.0248657
sR	697.766846	65.000000	0.744156	0.0248831
sR	699.358057	65.000000	0.745789	0.0249158
sR	700.949170	65.000000	0.746239	0.0249248
sR	702.540234	65.000000	0.749608	0.0249922
sR	704.131201	65.000000	0.750409	0.0250082
sR	705.722119	65.000000	0.754663	0.0250933
sR	707.312939	65.000000	0.756158	0.0251232
sR	708.903711	65.000000	0.756405	0.0251281
sR	710.494385	65.000000	0.755601	0.025112
sR	712.084961	65.000000	0.758861	0.0251772
sR	713.675488	65.000000	0.762493	0.0252499
sR	715.265918	65.000000	0.762421	0.0252484
sR	716.856299	65.000000	0.763573	0.0252715
sR	718.446582	65.000000	0.764088	0.0252818
sR	720.036768	65.000000	0.767121	0.0253424
sR	721.626904	65.000000	0.767225	0.0253445
sR	723.216943	65.000000	0.768056	0.0253611
sR	724.806885	65.000000	0.770223	0.0254045
sR	726.396777	65.000000	0.770589	0.0254118
sR	727.986572	65.000000	0.770792	0.0254158
sR	729.576318	65.000000	0.770993	0.0254199
sR	731.165967	65.000000	0.772128	0.0254426
sR	732.755518	65.000000	0.775204	0.0255041
sR	734.344971	65.000000	0.776219	0.0255244
sR	735.934375	65.000000	0.778216	0.0255643
sR	737.523682	65.000000	0.778834	0.0255767
sR	739.112891	65.000000	0.778271	0.0255654
sR	740.702051	65.000000	0.775404	0.0255081
sR	742.291113	65.000000	0.779415	0.0255883
sR	743.880078	65.000000	0.780849	0.025617
sR	745.468994	65.000000	0.782328	0.0256466
sR	747.057764	65.000000	0.782079	0.0256416
sR	748.646484	65.000000	0.782184	0.0256437
sR	750.235156	65.000000	0.780217	0.0256043
sR	751.823682	65.000000	0.78437	0.0256874
sR	753.412158	65.000000	0.784981	0.0256996
sR	755.000537	65.000000	0.784532	0.0256906
sR	756.588818	65.000000	0.786685	0.0257337
sR	758.177002	65.000000	0.787064	0.0257413
sR	759.765137	65.000000	0.787544	0.0257509
sR	761.353125	65.000000	0.789742	0.0257948
sR	762.941064	65.000000	0.789679	0.0257936
sR	764.528906	65.000000	0.79363	0.0258726
sR	766.116699	65.000000	0.792736	0.0258547
sR	767.704346	65.000000	0.790764	0.0258153
sR	769.291943	65.000000	0.794036	0.0258807
sR	770.879443	65.000000	0.791957	0.0258391
sR	772.466846	65.000000	0.795961	0.0259192
sR	774.054150	65.000000	0.794653	0.0258931
sR	775.641357	65.000000	0.795971	0.0259194
sR	777.228467	65.000000	0.793706	0.0258741
sR	778.815527	65.000000	0.794767	0.0258953
sR	780.402441	65.000000	0.79794	0.0259588
sR	781.989307	65.000000	0.795855	0.0259171
sR	783.576074	65.000000	0.797873	0.0259575
sR	785.162744	65.000000	0.796242	0.0259248
sR	786.749316	65.000000	0.795807	0.0259161
sR	788.335791	65.000000	0.79508	0.0259016
sR	789.922168	65.000000	0.797027	0.0259405
sR	791.508447	65.000000	0.799736	0.0259947
sR	793.094629	65.000000	0.796673	0.0259335
sR	794.680762	65.000000	0.796446	0.0259289
sR	796.266748	65.000000	0.798856	0.0259771
sR	797.852637	65.000000	0.798422	0.0259684
sR	799.438477	65.000000	0.80114	0.0260228
sR	801.024170	65.000000	0.797578	0.0259516
sR	802.609814	65.000000	0.799914	0.0259983
sR	804.195313	65.000000	0.801595	0.0260319
sR	805.780762	65.000000	0.801331	0.0260266
sR	807.366064	65.000000	0.800474	0.0260095
sR	808.951318	65.000000	0.801681	0.0260336
sR	810.536426	65.000000	0.801463	0.0260292
sR	812.121484	65.000000	0.802227	0.0260445
sR	813.706396	65.000000	0.801307	0.0260262
sR	815.291211	65.000000	0.798381	0.0259676
sR	816.875977	65.000000	0.800849	0.026017
sR	818.460596	65.000000	0.800608	0.0260122
sR	820.045117	65.000000	0.801272	0.0260254
sR	821.629590	65.000000	0.804299	0.026086
sR	823.213867	65.000000	0.803422	0.0260684
sR	824.798145	65.000000	0.800196	0.0260039
sR	826.382227	65.000000	0.801698	0.026034
sR	827.966211	65.000000	0.803307	0.0260661
sR	829.550195	65.000000	0.802357	0.0260471
sR	831.133984	65.000000	0.80158	0.0260316
sR	832.717676	65.000000	0.801832	0.0260366
sR	834.301270	65.000000	0.801781	0.0260356
sR	835.884863	65.000000	0.801797	0.0260359
sR	837.468262	65.000000	0.801363	0.0260273
sR	839.051563	65.000000	0.800874	0.0260175
sR	840.634668	65.000000	0.80674	0.0261348
sR	842.217773	65.000000	0.805761	0.0261152
sR	843.800781	65.000000	0.805741	0.0261148
sR	845.383691	65.000000	0.805894	0.0261179
sR	846.966406	65.000000	0.803084	0.0260617
sR	848.549121	65.000000	0.801062	0.0260212
sR	850.131641	65.000000	0.80309	0.0260618
sR	851.714063	65.000000	0.802298	0.026046
sR	853.296484	65.000000	0.802949	0.026059
sR	854.878711	65.000000	0.798674	0.0259735
sR	856.460840	65.000000	0.801289	0.0260258
sR	858.042773	65.000000	0.802915	0.0260583
sR	859.624707	65.000000	0.801585	0.0260317
sR	861.206543	65.000000	0.803147	0.0260629
sR	862.788184	65.000000	0.800498	0.02601
sR	864.369824	65.000000	0.800909	0.0260182
sR	865.951270	65.000000	0.801038	0.0260208
sR	867.532617	65.000000	0.800817	0.0260163
sR	869.113867	65.000000	0.796316	0.0259263
sR	870.695020	65.000000	0.793918	0.0258784
sR	872.275977	65.000000	0.795768	0.0259154
sR	873.856934	65.000000	0.798975	0.0259795
sR	875.437695	65.000000	0.798389	0.0259678
sR	877.018359	65.000000	0.799593	0.0259919
sR	878.599023	65.000000	0.798918	0.0259784
sR	880.179395	65.000000	0.801736	0.0260347
sR	881.759766	65.000000	0.797842	0.0259568
sR	883.340039	65.000000	0.800107	0.0260021
sR	884.920117	65.000000	0.798839	0.0259768
sR	886.500098	65.000000	0.797047	0.0259409
sR	888.079980	65.000000	0.795426	0.0259085
sR	889.659766	65.000000	0.797523	0.0259505
sR	891.239453	65.000000	0.795944	0.0259189
sR	892.818945	65.000000	0.795586	0.0259117
sR	894.398438	65.000000	0.79798	0.0259596
sR	895.977734	65.000000	0.796754	0.0259351
sR	897.556934	65.000000	0.795307	0.0259061
sR	899.135938	65.000000	0.794365	0.0258873
sR	900.714941	65.000000	0.794639	0.0258928
sR	902.293750	65.000000	0.7939	0.025878
sR	903.872461	65.000000	0.79116	0.0258232
sR	905.451074	65.000000	0.793204	0.0258641
sR	907.029590	65.000000	0.795473	0.0259095
sR	908.607910	65.000000	0.794389	0.0258878
sR	910.186133	65.000000	0.791047	0.0258209
sR	911.764258	65.000000	0.792753	0.0258551
sR	913.342285	65.000000	0.791601	0.025832
sR	914.920117	65.000000	0.788276	0.0257655
sR	916.497852	65.000000	0.788115	0.0257623
sR	918.075488	65.000000	0.790223	0.0258045
sR	919.653027	65.000000	0.788866	0.0257773
sR	921.230469	65.000000	0.790083	0.0258017
sR	922.807715	65.000000	0.78769	0.0257538
sR	924.384863	65.000000	0.789612	0.0257922
sR	925.961914	65.000000	0.789059	0.0257812
sR	927.538770	65.000000	0.792057	0.0258411
sR	929.115527	65.000000	0.787527	0.0257505
sR	930.692188	65.000000	0.786859	0.0257372
sR	932.268750	65.000000	0.788278	0.0257656
sR	933.845117	65.000000	0.789399	0.025788
sR	935.421387	65.000000	0.792581	0.0258516
sR	936.997559	65.000000	0.790831	0.0258166
sR	938.573535	65.000000	0.786583	0.0257317
sR	940.149414	65.000000	0.787744	0.0257549
sR	941.725195	65.000000	0.791782	0.0258356
sR	943.300879	65.000000	0.788662	0.0257732
sR	944.876367	65.000000	0.781585	0.0256317
sR	946.451758	65.000000	0.779694	0.0255939
sR	948.027051	65.000000	0.782016	0.0256403
sR	949.602148	65.000000	0.780419	0.0256084
sR	951.177148	65.000000	0.77573	0.0255146
sR	952.752051	65.000000	0.780952	0.025619
sR	954.326758	65.000000	0.779659	0.0255932
sR	955.901367	65.000000	0.777611	0.0255522
sR	957.475879	65.000000	0.775859	0.0255172
sR	959.050195	65.000000	0.781564	0.0256313
sR	960.624512	65.000000	0.78016	0.0256032
sR	962.198535	65.000000	0.778701	0.025574
sR	963.772559	65.000000	0.775968	0.0255194
sR	965.346387	65.000000	0.772892	0.0254578
sR	966.920020	65.000000	0.772463	0.0254493
sR	968.493652	65.000000	0.774285	0.0254857
sR	970.066992	65.000000	0.773996	0.0254799
sR	971.640332	65.000000	0.771942	0.0254388
sR	973.213477	65.000000	0.775745	0.0255149
sR	974.786523	65.000000	0.775689	0.0255138
sR	976.359473	65.000000	0.774184	0.0254837
sR	977.932227	65.000000	0.770303	0.0254061
sR	979.504785	65.000000	0.770498	0.02541
sR	981.077344	65.000000	0.768329	0.0253666
sR	982.649707	65.000000	0.771574	0.0254315
sR	984.221875	65.000000	0.770432	0.0254086
sR	985.793945	65.000000	0.767066	0.0253413
sR	987.365918	65.000000	0.771405	0.0254281
sR	988.937793	65.000000	0.769538	0.0253908
sR	990.509375	65.000000	0.771441	0.0254288
sR	992.080957	65.000000	0.76752	0.0253504
sR	993.652344	65.000000	0.768374	0.0253675
sR	995.223633	65.000000	0.76553	0.0253106
sR	996.794727	65.000000	0.764711	0.0252942
sR	998.365723	65.000000	0.766723	0.0253345
sR	999.936523	65.000000	0.761387	0.0252277
sR	1012.422852	65.000000	0.734738	0.0246948
sR	1015.876367	65.000000	0.733356	0.0246671
sR	1019.329297	65.000000	0.731076	0.0246215
sR	1022.781836	65.000000	0.728802	0.024576
sR	1026.233691	65.000000	0.728695	0.0245739
sR	1029.685059	65.000000	0.725656	0.0245131
sR	1033.135938	65.000000	0.723035	0.0244607
sR	1036.586230	65.000000	0.72268	0.0244536
sR	1040.036035	65.000000	0.721598	0.024432
sR	1043.485352	65.000000	0.718131	0.0243626
sR	1046.934082	65.000000	0.716795	0.0243359
sR	1050.382324	65.000000	0.713772	0.0242754
sR	1053.830078	65.000000	0.715403	0.0243081
sR	1057.277344	65.000000	0.710281	0.0242056
sR	1060.724121	65.000000	0.706975	0.0241395
sR	1064.170410	65.000000	0.708342	0.0241668
sR	1067.616113	65.000000	0.706693	0.0241339
sR	1071.061426	65.000000	0.702027	0.0240405
sR	1074.506250	65.000000	0.702187	0.0240437
sR	1077.950586	65.000000	0.698331	0.0239666
sR	1081.394434	65.000000	0.698693	0.0239739
sR	1084.837891	65.000000	0.693814	0.0238763
sR	1088.280762	65.000000	0.691059	0.0238212
sR	1091.723242	65.000000	0.687226	0.0237445
sR	1095.165332	65.000000	0.684203	0.0236841
sR	1098.606836	65.000000	0.687163	0.0237433
sR	1102.047949	65.000000	0.681332	0.0236266
sR	1105.488672	65.000000	0.679022	0.0235804
sR	1108.928906	65.000000	0.677998	0.02356
sR	1112.368750	65.000000	0.675349	0.023507
sR	1115.808105	65.000000	0.669055	0.0233811
sR	1119.247070	65.000000	0.67017	0.0234034
sR	1122.685645	65.000000	0.6635	0.02327
sR	1126.123730	65.000000	0.66596	0.0233192
sR	1129.561426	65.000000	0.661562	0.0232312
sR	1132.998730	65.000000	0.657501	0.02315
sR	1136.435645	65.000000	0.656631	0.0231326
sR	1139.872168	65.000000	0.649777	0.0229955
sR	1143.308203	65.000000	0.650016	0.0230003
sR	1146.743945	65.000000	0.646985	0.0229397
sR	1150.179297	65.000000	0.640959	0.0228192
sR	1153.614258	65.000000	0.640061	0.0228012
sR	1157.048828	65.000000	0.63736	0.0227472
sR	1160.483008	65.000000	0.633207	0.0226641
sR	1163.916797	65.000000	0.630869	0.0226174
sR	1167.350195	65.000000	0.630515	0.0226103
sR	1170.783301	65.000000	0.624407	0.0224881
sR	1174.216016	65.000000	0.619953	0.0223991
sR	1177.648438	65.000000	0.616091	0.0223218
sR	1181.080469	65.000000	0.613013	0.0222603
sR	1184.512109	65.000000	0.609711	0.0221942
sR	1187.943457	65.000000	0.606573	0.0221315
sR	1191.374512	65.000000	0.60497	0.0220994
sR	1194.805176	65.000000	0.600592	0.0220118
sR	1198.235547	65.000000	0.596043	0.0219209
sR	1201.665527	65.000000	0.591186	0.0218237
sR	1205.095215	65.000000	0.584349	0.021687
sR	1208.524609	65.000000	0.586185	0.0217237
sR	1211.953711	65.000000	0.579143	0.0215829
sR	1215.382422	65.000000	0.57711	0.0215422
sR	1218.810938	65.000000	0.572224	0.0214445
sR	1222.239063	65.000000	0.569234	0.0213847
sR	1225.666895	65.000000	0.563611	0.0212722
sR	1229.094531	65.000000	0.559946	0.0211989
sR	1232.521777	65.000000	0.555176	0.0211035
sR	1235.948828	65.000000	0.549455	0.0209891
sR	1239.375586	65.000000	0.548564	0.0209713
sR	1242.801953	65.000000	0.543446	0.0208689
sR	1246.228223	65.000000	0.538809	0.0207762
sR	1249.654102	65.000000	0.531733	0.0206347
sR	1253.079785	65.000000	0.524268	0.0204854
sR	1256.505176	65.000000	0.523395	0.0204679
sR	1259.930273	65.000000	0.519563	0.0203913
sR	1263.355273	65.000000	0.51414	0.0202828
sR	1266.779883	65.000000	0.512592	0.0202518
sR	1270.204297	65.000000	0.508684	0.0201737
sR	1273.628516	65.000000	0.50112	0.0200224
sR	1277.052441	65.000000	0.497683	0.0199537
sR	1280.476172	65.000000	0.490367	0.0198073
sR	1283.899609	65.000000	0.486447	0.0197289
sR	1287.322949	65.000000	0.480397	0.0196079
sR	1290.745996	65.000000	0.477108	0.0195422
sR	1294.168848	65.000000	0.469306	0.0193861
sR	1297.591504	65.000000	0.466962	0.0193392
sR	1301.013965	65.000000	0.462755	0.0192551
sR	1304.436230	65.000000	0.459346	0.0191869
sR	1307.858301	65.000000	0.447842	0.0189568
sR	1311.280078	65.000000	0.445552	0.018911
sR	1314.701758	65.000000	0.439271	0.0187854
sR	1318.123340	65.000000	0.435972	0.0187194
sR	1321.544629	65.000000	0.428889	0.0185778
sR	1324.965723	65.000000	0.42417	0.0184834
sR	1328.386719	65.000000	0.417614	0.0183523
sR	1331.807520	65.000000	0.412152	0.018243
sR	1335.228223	65.000000	0.405576	0.0181115
sR	1338.648730	65.000000	0.404017	0.0180803
sR	1342.069043	65.000000	0.394975	0.0178995
sR	1345.489258	65.000000	0.392722	0.0178544
sR	1348.909277	65.000000	0.38395	0.017679
sR	1352.329199	65.000000	0.380358	0.0176072
sR	1355.749023	65.000000	0.373203	0.0174641
sR	1359.168652	65.000000	0.368352	0.017367
sR	1362.588184	65.000000	0.360647	0.0172129
sR	1366.007617	65.000000	0.354095	0.0170819
sR	1369.426855	65.000000	0.347575	0.0169515
sR	1372.845996	65.000000	0.344151	0.016883
sR	1376.265039	65.000000	0.337287	0.0167457
sR	1379.684082	65.000000	0.331572	0.0166314
sR	1383.102930	65.000000	0.32618	0.0165236
sR	1386.521680	65.000000	0.321762	0.0164352
sR	1389.940332	65.000000	0.314614	0.0162923
sR	1393.358887	65.000000	0.308337	0.0161667
sR	1396.777344	65.000000	0.302377	0.0160475
sR	1400.195801	65.000000	0.298625	0.0159725
sR	1403.614063	65.000000	0.288837	0.0157767
sR	1407.032324	65.000000	0.285806	0.0157161
sR	1410.450586	65.000000	0.276916	0.0155383
sR	1413.868652	65.000000	0.271872	0.0154374
sR	1417.286719	65.000000	0.266757	0.0153351
sR	1420.704785	65.000000	0.260887	0.0152177
sR	1424.122754	65.000000	0.254257	0.0150851
sR	1427.540625	65.000000	0.249718	0.0149944
sR	1430.958496	65.000000	0.243013	0.0148603
sR	1434.376367	65.000000	0.237977	0.0147595
sR	1437.794141	65.000000	0.230891	0.0146178
sR	1441.211914	65.000000	0.225594	0.0145119
sR	1444.629688	65.000000	0.219246	0.0143849
sR	1448.047363	65.000000	0.213871	0.0142774
sR	1451.465039	65.000000	0.207309	0.0141462
sR	1454.882813	65.000000	0.201862	0.0140372
sR	1458.300488	65.000000	0.196312	0.0139262
sR	1461.718164	65.000000	0.191063	0.0138213
sR	1465.135840	65.000000	0.184162	0.0136832
sR	1468.553516	65.000000	0.179887	0.0135977
sR	1471.971191	65.000000	0.173208	0.0134642
sR	1475.388867	65.000000	0.168682	0.0133736
sR	1478.806543	65.000000	0.16308	0.0132616
sR	1482.224316	65.000000	0.158883	0.0131777
sR	1485.642090	65.000000	0.151768	0.0130354
sR	1489.059863	65.000000	0.147035	0.0129407
sR	1492.477734	65.000000	0.1414	0.012828
sR	1495.895508	65.000000	0.137444	0.0127489
sR	1499.313477	65.000000	0.131617	0.0126323
sR	1502.731445	65.000000	0.127941	0.0125588
sR	1506.149414	65.000000	0.122589	0.0124518
sR	1509.567480	65.000000	0.118633	0.0123727
sR	1512.985547	65.000000	0.112495	0.0122499
sR	1516.403711	65.000000	0.108981	0.0121796
sR	1519.821973	65.000000	0.10469	0.0120938
sR	1523.240234	65.000000	0.100122	0.0120024
sR	1526.658691	65.000000	0.095086	0.0119017
sR	1530.077148	65.000000	0.0916	0.011832
sR	1533.495703	65.000000	0.0872838	0.0117457
sR	1536.914258	65.000000	0.0834796	0.0116696
sR	1540.333008	65.000000	0.0799496	0.011599
sR	1543.751855	65.000000	0.0766525	0.0115331
sR	1547.170801	65.000000	0.0723072	0.0114461
sR	1550.589844	65.000000	0.0696379	0.0113928
sR	1554.008887	65.000000	0.0660709	0.0113214
sR	1557.428223	65.000000	0.0637039	0.0112741
sR	1560.847559	65.000000	0.0598464	0.0111969
sR	1564.266992	65.000000	0.057369	0.0111474
sR	1567.686621	65.000000	0.0542314	0.0110846
sR	1571.106348	65.000000	0.0520595	0.0110412
sR	1574.526270	65.000000	0.0479632	0.0109593
sR	1577.946289	65.000000	0.0463046	0.0109261
sR	1581.366406	65.000000	0.0439265	0.0108785
sR	1584.786719	65.000000	0.0423536	0.0108471
sR	1588.207227	65.000000	0.0399538	0.0107991
sR	1591.627832	65.000000	0.0379962	0.0107599
sR	1595.048535	65.000000	0.0361587	0.0107232
sR	1598.469531	65.000000	0.0348445	0.0106969
sR	1601.890625	65.000000	0.033199	0.010664
sR	1605.311816	65.000000	0.0316003	0.010632
sR	1608.733301	65.000000	0.0303308	0.0106066
sR	1612.154883	65.000000	0.0289111	0.0105782
sR	1615.576758	65.000000	0.02822	0.0105644
sR	1618.998730	65.000000	0.0275183	0.0105504
sR	1622.420898	65.000000	0.0266989	0.010534
sR	1625.843262	65.000000	0.0271701	0.0105434
sR	1629.265918	65.000000	0.0269373	0.0105387
sR	1632.688672	65.000000	0.0255253	0.0105105
sR	1636.111719	65.000000	0.0249804	0.0104996
sR	1639.534961	65.000000	0.025183	0.0105037
sR	1642.958398	65.000000	0.0260352	0.0105207
sR	1646.382031	65.000000	0.0252915	0.0105058
sR	1649.805859	65.000000	0.0264155	0.0105283
sR	1653.230078	65.000000	0.026907	0.0105381
sR	1656.654297	65.000000	0.0272647	0.0105453
sR	1660.078906	65.000000	0.0283881	0.0105678
sR	1663.503711	65.000000	0.0282887	0.0105658
sR	1666.928906	65.000000	0.0295533	0.0105911
sR	1670.354102	65.000000	0.0314342	0.0106287
sR	1673.779688	65.000000	0.0328404	0.0106568
sR	1677.205664	65.000000	0.0344785	0.0106896
sR	1680.631641	65.000000	0.034961	0.0106992
sR	1684.058008	65.000000	0.038585	0.0107717
sR	1687.484766	65.000000	0.040052	0.010801
sR	1690.911719	65.000000	0.0438061	0.0108761
sR	1694.338867	65.000000	0.0433765	0.0108675
sR	1697.766406	65.000000	0.0488132	0.0109763
sR	245.732520	70.000000	0.616197	0.0223239
sR	247.331348	70.000000	0.61374	0.0222748
sR	248.930176	70.000000	0.613601	0.022272
sR	250.529053	70.000000	0.611891	0.0222378
sR	252.127954	70.000000	0.608198	0.022164
sR	253.726855	70.000000	0.606175	0.0221235
sR	255.325781	70.000000	0.604727	0.0220945
sR	256.924731	70.000000	0.601387	0.0220277
sR	258.523706	70.000000	0.597851	0.021957
sR	260.122681	70.000000	0.594856	0.0218971
sR	261.721680	70.000000	0.592547	0.0218509
sR	263.320703	70.000000	0.589744	0.0217949
sR	264.919751	70.000000	0.587051	0.021741
sR	266.518799	70.000000	0.588521	0.0217704
sR	268.117871	70.000000	0.594115	0.0218823
sR	269.716968	70.000000	0.604105	0.0220821
sR	271.316089	70.000000	0.614107	0.0222821
sR	272.915210	70.000000	0.627033	0.0225407
sR	274.514331	70.000000	0.638832	0.0227766
sR	276.113501	70.000000	0.649497	0.0229899
sR	277.712646	70.000000	0.653628	0.0230726
sR	279.311841	70.000000	0.652109	0.0230422
sR	280.911035	70.000000	0.638334	0.0227667
sR	282.510254	70.000000	0.61825	0.022365
sR	284.109473	70.000000	0.584724	0.0216945
sR	285.708716	70.000000	0.532316	0.0206463
sR	287.307959	70.000000	0.466709	0.0193342
sR	288.907202	70.000000	0.393016	0.0178603
sR	290.506494	70.000000	0.33318	0.0166636
sR	292.105762	70.000000	0.296466	0.0159293
sR	293.705078	70.000000	0.307048	0.016141
sR	295.304370	70.000000	0.357797	0.0171559
sR	296.903687	70.000000	0.431252	0.018625
sR	298.503027	70.000000	0.509421	0.0201884
sR	300.102368	70.000000	0.576527	0.0215305
sR	301.701709	70.000000	0.630531	0.0226106
sR	303.301074	70.000000	0.672648	0.023453
sR	304.900439	70.000000	0.708193	0.0241639
sR	306.499805	70.000000	0.731347	0.0246269
sR	308.099194	70.000000	0.747879	0.0249576
sR	309.698584	70.000000	0.762633	0.0252527
sR	311.297998	70.000000	0.771209	0.0254242
sR	312.897388	70.000000	0.778524	0.0255705
sR	314.496802	70.000000	0.781121	0.0256224
sR	316.096216	70.000000	0.78711	0.0257422
sR	317.695654	70.000000	0.784325	0.0256865
sR	319.295093	70.000000	0.78054	0.0256108
sR	320.894531	70.000000	0.777212	0.0255442
sR	322.493970	70.000000	0.770221	0.0254044
sR	324.093408	70.000000	0.764735	0.0252947
sR	325.692871	70.000000	0.755756	0.0251151
sR	327.292334	70.000000	0.74699	0.0249398
sR	328.891797	70.000000	0.733626	0.0246725
sR	330.491260	70.000000	0.720944	0.0244189
sR	332.090723	70.000000	0.701784	0.0240357
sR	333.690186	70.000000	0.682083	0.0236417
sR	335.289673	70.000000	0.660659	0.0232132
sR	336.889136	70.000000	0.631827	0.0226365
sR	338.488623	70.000000	0.603437	0.0220687
sR	340.088110	70.000000	0.566409	0.0213282
sR	341.687573	70.000000	0.529931	0.0205986
sR	343.287061	70.000000	0.490166	0.0198033
sR	344.886548	70.000000	0.442105	0.0188421
sR	346.486035	70.000000	0.393077	0.0178615
sR	348.085522	70.000000	0.339691	0.0167938
sR	349.684985	70.000000	0.287233	0.0157447
sR	351.284473	70.000000	0.238105	0.0147621
sR	352.883960	70.000000	0.195937	0.0139187
sR	354.483423	70.000000	0.161345	0.0132269
sR	356.082910	70.000000	0.140136	0.0128027
sR	357.682373	70.000000	0.13242	0.0126484
sR	359.281860	70.000000	0.138786	0.0127757
sR	360.881323	70.000000	0.159184	0.0131837
sR	362.480786	70.000000	0.190381	0.0138076
sR	364.080249	70.000000	0.227537	0.0145507
sR	365.679712	70.000000	0.271129	0.0154226
sR	367.279175	70.000000	0.314134	0.0162827
sR	368.878613	70.000000	0.358805	0.0171761
sR	370.478052	70.000000	0.400559	0.0180112
sR	372.077490	70.000000	0.440991	0.0188198
sR	373.676929	70.000000	0.47413	0.0194826
sR	375.276367	70.000000	0.509315	0.0201863
sR	376.875781	70.000000	0.536919	0.0207384
sR	378.475195	70.000000	0.563784	0.0212757
sR	380.074609	70.000000	0.589377	0.0217875
sR	381.673999	70.000000	0.609739	0.0221948
sR	383.273389	70.000000	0.628544	0.0225709
sR	384.872778	70.000000	0.651502	0.02303
sR	386.472168	70.000000	0.667938	0.0233588
sR	388.071533	70.000000	0.680527	0.0236105
sR	389.670898	70.000000	0.690046	0.0238009
sR	391.270239	70.000000	0.704783	0.0240957
sR	392.869580	70.000000	0.713367	0.0242673
sR	394.468921	70.000000	0.723648	0.024473
sR	396.068237	70.000000	0.7324	0.024648
sR	397.667554	70.000000	0.740322	0.0248064
sR	399.266846	70.000000	0.746661	0.0249332
sR	400.866138	70.000000	0.75235	0.025047
sR	402.465405	70.000000	0.756758	0.0251352
sR	404.064673	70.000000	0.764056	0.0252811
sR	405.663916	70.000000	0.767116	0.0253423
sR	407.263159	70.000000	0.771073	0.0254214
sR	408.862378	70.000000	0.776805	0.0255361
sR	410.461572	70.000000	0.778151	0.025563
sR	412.060791	70.000000	0.782524	0.0256505
sR	413.659961	70.000000	0.784424	0.0256885
sR	415.259131	70.000000	0.785133	0.0257027
sR	416.858301	70.000000	0.786761	0.0257352
sR	418.457422	70.000000	0.790495	0.0258099
sR	420.056592	70.000000	0.790182	0.0258036
sR	421.655664	70.000000	0.791133	0.0258227
sR	423.254785	70.000000	0.793263	0.0258653
sR	424.853857	70.000000	0.793315	0.0258663
sR	426.452930	70.000000	0.795212	0.0259042
sR	428.051953	70.000000	0.794361	0.0258872
sR	429.650977	70.000000	0.79456	0.0258912
sR	431.250000	70.000000	0.794454	0.0258891
sR	432.848975	70.000000	0.795269	0.0259054
sR	434.447949	70.000000	0.791954	0.0258391
sR	436.046924	70.000000	0.793465	0.0258693
sR	437.645850	70.000000	0.793306	0.0258661
sR	439.244727	70.000000	0.789862	0.0257972
sR	440.843652	70.000000	0.789176	0.0257835
sR	442.442529	70.000000	0.789662	0.0257932
sR	444.041357	70.000000	0.787826	0.0257565
sR	445.640186	70.000000	0.785531	0.0257106
sR	447.239014	70.000000	0.784421	0.0256884
sR	448.837793	70.000000	0.780547	0.0256109
sR	450.436572	70.000000	0.778778	0.0255756
sR	452.035303	70.000000	0.776106	0.0255221
sR	453.634033	70.000000	0.773843	0.0254769
sR	455.232715	70.000000	0.772267	0.0254453
sR	456.831396	70.000000	0.768917	0.0253783
sR	458.430078	70.000000	0.764116	0.0252823
sR	460.028711	70.000000	0.760868	0.0252174
sR	461.627295	70.000000	0.757086	0.0251417
sR	463.225879	70.000000	0.753734	0.0250747
sR	464.824463	70.000000	0.749862	0.0249972
sR	466.422949	70.000000	0.744646	0.0248929
sR	468.021484	70.000000	0.738836	0.0247767
sR	469.619971	70.000000	0.733997	0.0246799
sR	471.218408	70.000000	0.728662	0.0245732
sR	472.816846	70.000000	0.722183	0.0244437
sR	474.415234	70.000000	0.717596	0.0243519
sR	476.013623	70.000000	0.711852	0.024237
sR	477.611963	70.000000	0.705212	0.0241042
sR	479.210254	70.000000	0.696699	0.023934
sR	480.808545	70.000000	0.688618	0.0237724
sR	482.406836	70.000000	0.681959	0.0236392
sR	484.005029	70.000000	0.672379	0.0234476
sR	485.603271	70.000000	0.663495	0.0232699
sR	487.201416	70.000000	0.655061	0.0231012
sR	488.799561	70.000000	0.646869	0.0229374
sR	490.397656	70.000000	0.635012	0.0227002
sR	491.995752	70.000000	0.624353	0.0224871
sR	493.593799	70.000000	0.61376	0.0222752
sR	495.191846	70.000000	0.601988	0.0220398
sR	496.789795	70.000000	0.589714	0.0217943
sR	498.387744	70.000000	0.576891	0.0215378
sR	499.985693	70.000000	0.562742	0.0212548
sR	501.583594	70.000000	0.548182	0.0209636
sR	503.181445	70.000000	0.533382	0.0206676
sR	504.779248	70.000000	0.51883	0.0203766
sR	506.377051	70.000000	0.501418	0.0200284
sR	507.974805	70.000000	0.484369	0.0196874
sR	509.572510	70.000000	0.465959	0.0193192
sR	511.170215	70.000000	0.448751	0.018975
sR	512.767871	70.000000	0.429349	0.018587
sR	514.365479	70.000000	0.409879	0.0181976
sR	515.963037	70.000000	0.389752	0.017795
sR	517.560596	70.000000	0.368466	0.0173693
sR	519.158105	70.000000	0.348107	0.0169621
sR	520.755566	70.000000	0.327411	0.0165482
sR	522.353027	70.000000	0.3072	0.016144
sR	523.950391	70.000000	0.284485	0.0156897
sR	525.547754	70.000000	0.26446	0.0152892
sR	527.145068	70.000000	0.242846	0.0148569
sR	528.742383	70.000000	0.222122	0.0144424
sR	530.339600	70.000000	0.199992	0.0139998
sR	531.936816	70.000000	0.17979	0.0135958
sR	533.533984	70.000000	0.159488	0.0131898
sR	535.131104	70.000000	0.140367	0.0128073
sR	536.728174	70.000000	0.121509	0.0124302
sR	538.325244	70.000000	0.104374	0.0120875
sR	539.922266	70.000000	0.0890831	0.0117817
sR	541.519189	70.000000	0.0755381	0.0115108
sR	543.116113	70.000000	0.0634852	0.0112697
sR	544.712988	70.000000	0.0538644	0.0110773
sR	546.309863	70.000000	0.0464359	0.0109287
sR	547.906641	70.000000	0.0410475	0.010821
sR	549.503369	70.000000	0.0374038	0.0107481
sR	551.100098	70.000000	0.0359295	0.0107186
sR	552.696777	70.000000	0.0373188	0.0107464
sR	554.293359	70.000000	0.0401019	0.010802
sR	555.889941	70.000000	0.0457348	0.0109147
sR	557.486475	70.000000	0.0529224	0.0110584
sR	559.082959	70.000000	0.0624738	0.0112495
sR	560.679395	70.000000	0.073135	0.0114627
sR	562.275830	70.000000	0.0850777	0.0117016
sR	563.872168	70.000000	0.0990531	0.0119811
sR	565.468457	70.000000	0.11447	0.0122894
sR	567.064697	70.000000	0.130296	0.0126059
sR	568.660938	70.000000	0.146476	0.0129295
sR	570.257080	70.000000	0.163675	0.0132735
sR	571.853223	70.000000	0.180675	0.0136135
sR	573.449268	70.000000	0.199396	0.0139879
sR	575.045313	70.000000	0.217781	0.0143556
sR	576.641260	70.000000	0.235836	0.0147167
sR	578.237207	70.000000	0.254048	0.015081
sR	579.833057	70.000000	0.272097	0.0154419
sR	581.428857	70.000000	0.290532	0.0158106
sR	583.024658	70.000000	0.307282	0.0161456
sR	584.620361	70.000000	0.324915	0.0164983
sR	586.216064	70.000000	0.342936	0.0168587
sR	587.811670	70.000000	0.359864	0.0171973
sR	589.407227	70.000000	0.375566	0.0175113
sR	591.002734	70.000000	0.391211	0.0178242
sR	592.598193	70.000000	0.407202	0.018144
sR	594.193604	70.000000	0.421274	0.0184255
sR	595.788965	70.000000	0.436846	0.0187369
sR	597.384277	70.000000	0.449936	0.0189987
sR	598.979541	70.000000	0.463818	0.0192764
sR	600.574756	70.000000	0.47694	0.0195388
sR	602.169873	70.000000	0.489375	0.0197875
sR	603.764990	70.000000	0.502139	0.0200428
sR	605.360010	70.000000	0.51206	0.0202412
sR	606.954980	70.000000	0.5245	0.02049
sR	608.549902	70.000000	0.534837	0.0206967
sR	610.144775	70.000000	0.544863	0.0208973
sR	611.739600	70.000000	0.555996	0.0211199
sR	613.334375	70.000000	0.565467	0.0213093
sR	614.929053	70.000000	0.575443	0.0215089
sR	616.523730	70.000000	0.583341	0.0216668
sR	618.118311	70.000000	0.592533	0.0218507
sR	619.712842	70.000000	0.600258	0.0220052
sR	621.307275	70.000000	0.607427	0.0221485
sR	622.901709	70.000000	0.615243	0.0223049
sR	624.496045	70.000000	0.624137	0.0224827
sR	626.090381	70.000000	0.630993	0.0226199
sR	627.684570	70.000000	0.638336	0.0227667
sR	629.278760	70.000000	0.645659	0.0229132
sR	630.872900	70.000000	0.651201	0.023024
sR	632.466943	70.000000	0.655988	0.0231198
sR	634.060938	70.000000	0.664351	0.023287
sR	635.654883	70.000000	0.668375	0.0233675
sR	637.248730	70.000000	0.673474	0.0234695
sR	638.842529	70.000000	0.677343	0.0235469
sR	640.436279	70.000000	0.683074	0.0236615
sR	642.029980	70.000000	0.687821	0.0237564
sR	643.623584	70.000000	0.692593	0.0238519
sR	645.217139	70.000000	0.697556	0.0239511
sR	646.810645	70.000000	0.702366	0.0240473
sR	648.404053	70.000000	0.706998	0.02414
sR	649.997412	70.000000	0.710016	0.0242003
sR	651.590723	70.000000	0.714787	0.0242957
sR	653.183984	70.000000	0.719655	0.0243931
sR	654.777148	70.000000	0.722663	0.0244533
sR	656.370264	70.000000	0.725851	0.024517
sR	657.963281	70.000000	0.726684	0.0245337
sR	659.556250	70.000000	0.730003	0.0246001
sR	661.149170	70.000000	0.736906	0.0247381
sR	662.741992	70.000000	0.74035	0.024807
sR	664.334766	70.000000	0.741263	0.0248253
sR	665.927490	70.000000	0.744266	0.0248853
sR	667.520117	70.000000	0.748283	0.0249657
sR	669.112695	70.000000	0.750893	0.0250179
sR	670.705176	70.000000	0.752427	0.0250485
sR	672.297607	70.000000	0.752488	0.0250498
sR	673.889990	70.000000	0.756637	0.0251327
sR	675.482275	70.000000	0.760535	0.0252107
sR	677.074512	70.000000	0.764354	0.0252871
sR	678.666650	70.000000	0.764161	0.0252832
sR	680.258740	70.000000	0.765498	0.02531
sR	681.850732	70.000000	0.769803	0.0253961
sR	683.442676	70.000000	0.772289	0.0254458
sR	685.034521	70.000000	0.774493	0.0254898
sR	686.626318	70.000000	0.777169	0.0255434
sR	688.218066	70.000000	0.775835	0.0255167
sR	689.809717	70.000000	0.776309	0.0255262
sR	691.401270	70.000000	0.782067	0.0256413
sR	692.992773	70.000000	0.781986	0.0256397
sR	694.584229	70.000000	0.783477	0.0256695
sR	696.175586	70.000000	0.786653	0.0257331
sR	697.766846	70.000000	0.786145	0.0257229
sR	699.358057	70.000000	0.786141	0.0257228
sR	700.949170	70.000000	0.788803	0.0257761
sR	702.540234	70.000000	0.793545	0.0258709
sR	704.131201	70.000000	0.792047	0.0258409
sR	705.722119	70.000000	0.793302	0.025866
sR	707.312939	70.000000	0.796604	0.0259321
sR	708.903711	70.000000	0.800908	0.0260182
sR	710.494385	70.000000	0.798675	0.0259735
sR	712.084961	70.000000	0.798384	0.0259677
sR	713.675488	70.000000	0.80135	0.026027
sR	715.265918	70.000000	0.80148	0.0260296
sR	716.856299	70.000000	0.803972	0.0260794
sR	718.446582	70.000000	0.805481	0.0261096
sR	720.036768	70.000000	0.804722	0.0260944
sR	721.626904	70.000000	0.806624	0.0261325
sR	723.216943	70.000000	0.807559	0.0261512
sR	724.806885	70.000000	0.809294	0.0261859
sR	726.396777	70.000000	0.808484	0.0261697
sR	727.986572	70.000000	0.807881	0.0261576
sR	729.576318	70.000000	0.808967	0.0261793
sR	731.165967	70.000000	0.810856	0.0262171
sR	732.755518	70.000000	0.809897	0.0261979
sR	734.344971	70.000000	0.811727	0.0262345
sR	735.934375	70.000000	0.815169	0.0263034
sR	737.523682	70.000000	0.814974	0.0262995
sR	739.112891	70.000000	0.812971	0.0262594
sR	740.702051	70.000000	0.813325	0.0262665
sR	742.291113	70.000000	0.814246	0.0262849
sR	743.880078	70.000000	0.81738	0.0263476
sR	745.468994	70.000000	0.818166	0.0263633
sR	747.057764	70.000000	0.818873	0.0263775
sR	748.646484	70.000000	0.816672	0.0263334
sR	750.235156	70.000000	0.818458	0.0263692
sR	751.823682	70.000000	0.821925	0.0264385
sR	753.412158	70.000000	0.819131	0.0263826
sR	755.000537	70.000000	0.817221	0.0263444
sR	756.588818	70.000000	0.821004	0.0264201
sR	758.177002	70.000000	0.822513	0.0264503
sR	759.765137	70.000000	0.822597	0.0264519
sR	761.353125	70.000000	0.823303	0.0264661
sR	762.941064	70.000000	0.820451	0.026409
sR	764.528906	70.000000	0.822882	0.0264576
sR	766.116699	70.000000	0.823137	0.0264627
sR	767.704346	70.000000	0.824971	0.0264994
sR	769.291943	70.000000	0.827564	0.0265513
sR	770.879443	70.000000	0.826635	0.0265327
sR	772.466846	70.000000	0.827568	0.0265514
sR	774.054150	70.000000	0.827128	0.0265426
sR	775.641357	70.000000	0.829156	0.0265831
sR	777.228467	70.000000	0.82742	0.0265484
sR	778.815527	70.000000	0.826944	0.0265389
sR	780.402441	70.000000	0.826677	0.0265335
sR	781.989307	70.000000	0.826891	0.0265378
sR	783.576074	70.000000	0.828804	0.0265761
sR	785.162744	70.000000	0.82699	0.0265398
sR	786.749316	70.000000	0.826808	0.0265362
sR	788.335791	70.000000	0.827369	0.0265474
sR	789.922168	70.000000	0.829352	0.0265871
sR	791.508447	70.000000	0.831088	0.0266218
sR	793.094629	70.000000	0.828492	0.0265698
sR	794.680762	70.000000	0.825496	0.0265099
sR	796.266748	70.000000	0.828811	0.0265762
sR	797.852637	70.000000	0.831816	0.0266363
sR	799.438477	70.000000	0.83214	0.0266428
sR	801.024170	70.000000	0.831415	0.0266283
sR	802.609814	70.000000	0.834006	0.0266801
sR	804.195313	70.000000	0.833759	0.0266752
sR	805.780762	70.000000	0.83016	0.0266032
sR	807.366064	70.000000	0.825738	0.0265148
sR	808.951318	70.000000	0.828265	0.0265653
sR	810.536426	70.000000	0.831711	0.0266342
sR	812.121484	70.000000	0.83366	0.0266732
sR	813.706396	70.000000	0.832118	0.0266424
sR	815.291211	70.000000	0.830308	0.0266062
sR	816.875977	70.000000	0.832163	0.0266433
sR	818.460596	70.000000	0.83093	0.0266186
sR	820.045117	70.000000	0.82957	0.0265914
sR	821.629590	70.000000	0.832206	0.0266441
sR	823.213867	70.000000	0.833485	0.0266697
sR	824.798145	70.000000	0.830899	0.026618
sR	826.382227	70.000000	0.833114	0.0266623
sR	827.966211	70.000000	0.833311	0.0266662
sR	829.550195	70.000000	0.831344	0.0266269
sR	831.133984	70.000000	0.830442	0.0266088
sR	832.717676	70.000000	0.830942	0.0266188
sR	834.301270	70.000000	0.832494	0.0266499
sR	835.884863	70.000000	0.829826	0.0265965
sR	837.468262	70.000000	0.830754	0.0266151
sR	839.051563	70.000000	0.831036	0.0266207
sR	840.634668	70.000000	0.835571	0.0267114
sR	842.217773	70.000000	0.835014	0.0267003
sR	843.800781	70.000000	0.835942	0.0267188
sR	845.383691	70.000000	0.83384	0.0266768
sR	846.966406	70.000000	0.830814	0.0266163
sR	848.549121	70.000000	0.82898	0.0265796
sR	850.131641	70.000000	0.831996	0.0266399
sR	851.714063	70.000000	0.83143	0.0266286
sR	853.296484	70.000000	0.831669	0.0266334
sR	854.878711	70.000000	0.829114	0.0265823
sR	856.460840	70.000000	0.828279	0.0265656
sR	858.042773	70.000000	0.830805	0.0266161
sR	859.624707	70.000000	0.830278	0.0266056
sR	861.206543	70.000000	0.834718	0.0266944
sR	862.788184	70.000000	0.83525	0.026705
sR	864.369824	70.000000	0.830656	0.0266131
sR	865.951270	70.000000	0.82891	0.0265782
sR	867.532617	70.000000	0.825483	0.0265097
sR	869.113867	70.000000	0.829242	0.0265848
sR	870.695020	70.000000	0.825669	0.0265134
sR	872.275977	70.000000	0.825461	0.0265092
sR	873.856934	70.000000	0.826454	0.0265291
sR	875.437695	70.000000	0.826319	0.0265264
sR	877.018359	70.000000	0.828995	0.0265799
sR	878.599023	70.000000	0.828186	0.0265637
sR	880.179395	70.000000	0.828393	0.0265679
sR	881.759766	70.000000	0.830066	0.0266013
sR	883.340039	70.000000	0.830037	0.0266007
sR	884.920117	70.000000	0.829226	0.0265845
sR	886.500098	70.000000	0.828053	0.0265611
sR	888.079980	70.000000	0.827041	0.0265408
sR	889.659766	70.000000	0.828201	0.026564
sR	891.239453	70.000000	0.828942	0.0265788
sR	892.818945	70.000000	0.828262	0.0265652
sR	894.398438	70.000000	0.826549	0.026531
sR	895.977734	70.000000	0.82556	0.0265112
sR	897.556934	70.000000	0.823405	0.0264681
sR	899.135938	70.000000	0.824095	0.0264819
sR	900.714941	70.000000	0.823974	0.0264795
sR	902.293750	70.000000	0.823633	0.0264727
sR	903.872461	70.000000	0.825143	0.0265029
sR	905.451074	70.000000	0.824251	0.026485
sR	907.029590	70.000000	0.824113	0.0264823
sR	908.607910	70.000000	0.823804	0.0264761
sR	910.186133	70.000000	0.82158	0.0264316
sR	911.764258	70.000000	0.819181	0.0263836
sR	913.342285	70.000000	0.818935	0.0263787
sR	914.920117	70.000000	0.817759	0.0263552
sR	916.497852	70.000000	0.814814	0.0262963
sR	918.075488	70.000000	0.817895	0.0263579
sR	919.653027	70.000000	0.817167	0.0263433
sR	921.230469	70.000000	0.818906	0.0263781
sR	922.807715	70.000000	0.820567	0.0264113
sR	924.384863	70.000000	0.823133	0.0264627
sR	925.961914	70.000000	0.819794	0.0263959
sR	927.538770	70.000000	0.819379	0.0263876
sR	929.115527	70.000000	0.819907	0.0263981
sR	930.692188	70.000000	0.815182	0.0263036
sR	932.268750	70.000000	0.814654	0.0262931
sR	933.845117	70.000000	0.817722	0.0263544
sR	935.421387	70.000000	0.819329	0.0263866
sR	936.997559	70.000000	0.81572	0.0263144
sR	938.573535	70.000000	0.815781	0.0263156
sR	940.149414	70.000000	0.817575	0.0263515
sR	941.725195	70.000000	0.821671	0.0264334
sR	943.300879	70.000000	0.815388	0.0263078
sR	944.876367	70.000000	0.812075	0.0262415
sR	946.451758	70.000000	0.814704	0.0262941
sR	948.027051	70.000000	0.809997	0.0261999
sR	949.602148	70.000000	0.814095	0.0262819
sR	951.177148	70.000000	0.809886	0.0261977
sR	952.752051	70.000000	0.812341	0.0262468
sR	954.326758	70.000000	0.806345	0.0261269
sR	955.901367	70.000000	0.811945	0.0262389
sR	957.475879	70.000000	0.806263	0.0261253
sR	959.050195	70.000000	0.813833	0.0262767
sR	960.624512	70.000000	0.806398	0.026128
sR	962.198535	70.000000	0.80821	0.0261642
sR	963.772559	70.000000	0.80655	0.026131
sR	965.346387	70.000000	0.808122	0.0261624
sR	966.920020	70.000000	0.806837	0.0261367
sR	968.493652	70.000000	0.807094	0.0261419
sR	970.066992	70.000000	0.808296	0.0261659
sR	971.640332	70.000000	0.807022	0.0261404
sR	973.213477	70.000000	0.803795	0.0260759
sR	974.786523	70.000000	0.803598	0.026072
sR	976.359473	70.000000	0.802678	0.0260536
sR	977.932227	70.000000	0.805661	0.0261132
sR	979.504785	70.000000	0.803859	0.0260772
sR	981.077344	70.000000	0.803026	0.0260605
sR	982.649707	70.000000	0.806282	0.0261256
sR	984.221875	70.000000	0.803365	0.0260673
sR	985.793945	70.000000	0.800239	0.0260048
sR	987.365918	70.000000	0.799366	0.0259873
sR	988.937793	70.000000	0.80328	0.0260656
sR	990.509375	70.000000	0.802992	0.0260598
sR	992.080957	70.000000	0.799026	0.0259805
sR	993.652344	70.000000	0.797072	0.0259414
sR	995.223633	70.000000	0.798107	0.0259621
sR	996.794727	70.000000	0.796119	0.0259224
sR	998.365723	70.000000	0.796765	0.0259353
sR	999.936523	70.000000	0.792909	0.0258582
sR	1012.422852	70.000000	0.765379	0.0253076
sR	1015.876367	70.000000	0.763983	0.0252797
sR	1019.329297	70.000000	0.762368	0.0252474
sR	1022.781836	70.000000	0.758582	0.0251716
sR	1026.233691	70.000000	0.756585	0.0251317
sR	1029.685059	70.000000	0.75558	0.0251116
sR	1033.135938	70.000000	0.755909	0.0251182
sR	1036.586230	70.000000	0.754882	0.0250976
sR	1040.036035	70.000000	0.752779	0.0250556
sR	1043.485352	70.000000	0.751062	0.0250212
sR	1046.934082	70.000000	0.74791	0.0249582
sR	1050.382324	70.000000	0.746508	0.0249302
sR	1053.830078	70.000000	0.747056	0.0249411
sR	1057.277344	70.000000	0.743585	0.0248717
sR	1060.724121	70.000000	0.740493	0.0248099
sR	1064.170410	70.000000	0.742811	0.0248562
sR	1067.616113	70.000000	0.73795	0.024759
sR	1071.061426	70.000000	0.733134	0.0246627
sR	1074.506250	70.000000	0.733769	0.0246754
sR	1077.950586	70.000000	0.731929	0.0246386
sR	1081.394434	70.000000	0.73068	0.0246136
sR	1084.837891	70.000000	0.726451	0.024529
sR	1088.280762	70.000000	0.723926	0.0244785
sR	1091.723242	70.000000	0.722017	0.0244403
sR	1095.165332	70.000000	0.720151	0.024403
sR	1098.606836	70.000000	0.720114	0.0244023
sR	1102.047949	70.000000	0.716559	0.0243312
sR	1105.488672	70.000000	0.713745	0.0242749
sR	1108.928906	70.000000	0.710716	0.0242143
sR	1112.368750	70.000000	0.707882	0.0241576
sR	1115.808105	70.000000	0.702284	0.0240457
sR	1119.247070	70.000000	0.702417	0.0240483
sR	1122.685645	70.000000	0.698237	0.0239647
sR	1126.123730	70.000000	0.69874	0.0239748
sR	1129.561426	70.000000	0.695593	0.0239119
sR	1132.998730	70.000000	0.691288	0.0238258
sR	1136.435645	70.000000	0.692347	0.0238469
sR	1139.872168	70.000000	0.687543	0.0237509
sR	1143.308203	70.000000	0.686112	0.0237222
sR	1146.743945	70.000000	0.68204	0.0236408
sR	1150.179297	70.000000	0.676877	0.0235375
sR	1153.614258	70.000000	0.675314	0.0235063
sR	1157.048828	70.000000	0.675864	0.0235173
sR	1160.483008	70.000000	0.669432	0.0233886
sR	1163.916797	70.000000	0.66695	0.023339
sR	1167.350195	70.000000	0.666407	0.0233281
sR	1170.783301	70.000000	0.659378	0.0231876
sR	1174.216016	70.000000	0.656507	0.0231301
sR	1177.648438	70.000000	0.652256	0.0230451
sR	1181.080469	70.000000	0.649381	0.0229876
sR	1184.512109	70.000000	0.646792	0.0229358
sR	1187.943457	70.000000	0.641423	0.0228285
sR	1191.374512	70.000000	0.640558	0.0228112
sR	1194.805176	70.000000	0.635757	0.0227151
sR	1198.235547	70.000000	0.631656	0.0226331
sR	1201.665527	70.000000	0.625286	0.0225057
sR	1205.095215	70.000000	0.622852	0.022457
sR	1208.524609	70.000000	0.622335	0.0224467
sR	1211.953711	70.000000	0.613745	0.0222749
sR	1215.382422	70.000000	0.611627	0.0222325
sR	1218.810938	70.000000	0.606639	0.0221328
sR	1222.239063	70.000000	0.602708	0.0220542
sR	1225.666895	70.000000	0.599928	0.0219986
sR	1229.094531	70.000000	0.596079	0.0219216
sR	1232.521777	70.000000	0.591306	0.0218261
sR	1235.948828	70.000000	0.587168	0.0217434
sR	1239.375586	70.000000	0.583561	0.0216712
sR	1242.801953	70.000000	0.579752	0.021595
sR	1246.228223	70.000000	0.572071	0.0214414
sR	1249.654102	70.000000	0.566027	0.0213205
sR	1253.079785	70.000000	0.560661	0.0212132
sR	1256.505176	70.000000	0.556777	0.0211355
sR	1259.930273	70.000000	0.553516	0.0210703
sR	1263.355273	70.000000	0.548459	0.0209692
sR	1266.779883	70.000000	0.543275	0.0208655
sR	1270.204297	70.000000	0.541634	0.0208327
sR	1273.628516	70.000000	0.536292	0.0207258
sR	1277.052441	70.000000	0.531638	0.0206328
sR	1280.476172	70.000000	0.526332	0.0205266
sR	1283.899609	70.000000	0.522112	0.0204422
sR	1287.322949	70.000000	0.512288	0.0202458
sR	1290.745996	70.000000	0.51027	0.0202054
sR	1294.168848	70.000000	0.502649	0.020053
sR	1297.591504	70.000000	0.500141	0.0200028
sR	1301.013965	70.000000	0.495172	0.0199034
sR	1304.436230	70.000000	0.488678	0.0197736
sR	1307.858301	70.000000	0.481993	0.0196399
sR	1311.280078	70.000000	0.478633	0.0195727
sR	1314.701758	70.000000	0.470465	0.0194093
sR	1318.123340	70.000000	0.466917	0.0193383
sR	1321.544629	70.000000	0.458718	0.0191744
sR	1324.965723	70.000000	0.454111	0.0190822
sR	1328.386719	70.000000	0.446216	0.0189243
sR	1331.807520	70.000000	0.439647	0.0187929
sR	1335.228223	70.000000	0.434565	0.0186913
sR	1338.648730	70.000000	0.43089	0.0186178
sR	1342.069043	70.000000	0.423532	0.0184706
sR	1345.489258	70.000000	0.420005	0.0184001
sR	1348.909277	70.000000	0.412875	0.0182575
sR	1352.329199	70.000000	0.4082	0.018164
sR	1355.749023	70.000000	0.399166	0.0179833
sR	1359.168652	70.000000	0.394943	0.0178989
sR	1362.588184	70.000000	0.386345	0.0177269
sR	1366.007617	70.000000	0.377793	0.0175559
sR	1369.426855	70.000000	0.370877	0.0174176
sR	1372.845996	70.000000	0.367751	0.017355
sR	1376.265039	70.000000	0.35752	0.0171504
sR	1379.684082	70.000000	0.353708	0.0170742
sR	1383.102930	70.000000	0.348301	0.016966
sR	1386.521680	70.000000	0.341889	0.0168378
sR	1389.940332	70.000000	0.333529	0.0166706
sR	1393.358887	70.000000	0.32665	0.016533
sR	1396.777344	70.000000	0.319553	0.0163911
sR	1400.195801	70.000000	0.316335	0.0163267
sR	1403.614063	70.000000	0.30667	0.0161334
sR	1407.032324	70.000000	0.301313	0.0160263
sR	1410.450586	70.000000	0.292195	0.0158439
sR	1413.868652	70.000000	0.286285	0.0157257
sR	1417.286719	70.000000	0.279927	0.0155985
sR	1420.704785	70.000000	0.272709	0.0154542
sR	1424.122754	70.000000	0.265601	0.015312
sR	1427.540625	70.000000	0.259131	0.0151826
sR	1430.958496	70.000000	0.251023	0.0150205
sR	1434.376367	70.000000	0.245753	0.0149151
sR	1437.794141	70.000000	0.237476	0.0147495
sR	1441.211914	70.000000	0.232293	0.0146459
sR	1444.629688	70.000000	0.224079	0.0144816
sR	1448.047363	70.000000	0.21791	0.0143582
sR	1451.465039	70.000000	0.209406	0.0141881
sR	1454.882813	70.000000	0.204535	0.0140907
sR	1458.300488	70.000000	0.196761	0.0139352
sR	1461.718164	70.000000	0.191745	0.0138349
sR	1465.135840	70.000000	0.184284	0.0136857
sR	1468.553516	70.000000	0.176958	0.0135392
sR	1471.971191	70.000000	0.170602	0.013412
sR	1475.388867	70.000000	0.164113	0.0132823
sR	1478.806543	70.000000	0.159112	0.0131822
sR	1482.224316	70.000000	0.153836	0.0130767
sR	1485.642090	70.000000	0.146805	0.0129361
sR	1489.059863	70.000000	0.13974	0.0127948
sR	1492.477734	70.000000	0.13332	0.0126664
sR	1495.895508	70.000000	0.128718	0.0125744
sR	1499.313477	70.000000	0.122365	0.0124473
sR	1502.731445	70.000000	0.116911	0.0123382
sR	1506.149414	70.000000	0.111136	0.0122227
sR	1509.567480	70.000000	0.106882	0.0121376
sR	1512.985547	70.000000	0.10003	0.0120006
sR	1516.403711	70.000000	0.0959096	0.0119182
sR	1519.821973	70.000000	0.0895732	0.0117915
sR	1523.240234	70.000000	0.0850857	0.0117017
sR	1526.658691	70.000000	0.0784358	0.0115687
sR	1530.077148	70.000000	0.0752749	0.0115055
sR	1533.495703	70.000000	0.0698693	0.0113974
sR	1536.914258	70.000000	0.0659681	0.0113194
sR	1540.333008	70.000000	0.0608829	0.0112177
sR	1543.751855	70.000000	0.0574573	0.0111491
sR	1547.170801	70.000000	0.0523793	0.0110476
sR	1550.589844	70.000000	0.0499206	0.0109984
sR	1554.008887	70.000000	0.0452107	0.0109042
sR	1557.428223	70.000000	0.0413591	0.0108272
sR	1560.847559	70.000000	0.0380827	0.0107617
sR	1564.266992	70.000000	0.0351961	0.0107039
sR	1567.686621	70.000000	0.0317241	0.0106345
sR	1571.106348	70.000000	0.0292484	0.010585
sR	1574.526270	70.000000	0.0262623	0.0105252
sR	1577.946289	70.000000	0.0231532	0.0104631
sR	1581.366406	70.000000	0.0211696	0.0104234
sR	1584.786719	70.000000	0.0187571	0.0103751
sR	1588.207227	70.000000	0.016283	0.0103257
sR	1591.627832	70.000000	0.0143179	0.0102864
sR	1595.048535	70.000000	0.013225	0.0102645
sR	1598.469531	70.000000	0.0115372	0.0102307
sR	1601.890625	70.000000	0.0096196	0.0101924
sR	1605.311816	70.000000	0.00872086	0.0101744
sR	1608.733301	70.000000	0.00776693	0.0101553
sR	1612.154883	70.000000	0.00738095	0.0101476
sR	1615.576758	70.000000	0.00629276	0.0101259
sR	1618.998730	70.000000	0.00698055	0.0101396
sR	1622.420898	70.000000	0.00523669	0.0101047
sR	1625.843262	70.000000	0.00556977	0.0101114
sR	1629.265918	70.000000	0.00561661	0.0101123
sR	1632.688672	70.000000	0.0050048	0.0101001
sR	1636.111719	70.000000	0.00629719	0.0101259
sR	1639.534961	70.000000	0.00669994	0.010134
sR	1642.958398	70.000000	0.00744905	0.010149
sR	1646.382031	70.000000	0.00801921	0.0101604
sR	1649.805859	70.000000	0.00970709	0.0101941
sR	1653.230078	70.000000	0.0101735	0.0102035
sR	1656.654297	70.000000	0.0124403	0.0102488
sR	1660.078906	70.000000	0.0122379	0.0102448
sR	1663.503711	70.000000	0.0135826	0.0102717
sR	1666.928906	70.000000	0.0153758	0.0103075
sR	1670.354102	70.000000	0.0185345	0.0103707
sR	1673.779688	70.000000	0.0198132	0.0103963
sR	1677.205664	70.000000	0.0227746	0.0104555
sR	1680.631641	70.000000	0.0247715	0.0104954
sR	1684.058008	70.000000	0.0270243	0.0105405
sR	1687.484766	70.000000	0.0308423	0.0106168
sR	1690.911719	70.000000	0.037896	0.0107579
sR	1694.338867	70.000000	0.0393923	0.0107878
sR	1697.766406	70.000000	0.0479887	0.0109598
sR	245.732520	75.000000	0.691649	0.023833
sR	247.331348	75.000000	0.687231	0.0237446
sR	248.930176	75.000000	0.689704	0.0237941
sR	250.529053	75.000000	0.687156	0.0237431
sR	252.127954	75.000000	0.685222	0.0237044
sR	253.726855	75.000000	0.685668	0.0237134
sR	255.325781	75.000000	0.682089	0.0236418
sR	256.924731	75.000000	0.679742	0.0235948
sR	258.523706	75.000000	0.675729	0.0235146
sR	260.122681	75.000000	0.673429	0.0234686
sR	261.721680	75.000000	0.672018	0.0234404
sR	263.320703	75.000000	0.666453	0.0233291
sR	264.919751	75.000000	0.669081	0.0233816
sR	266.518799	75.000000	0.668278	0.0233656
sR	268.117871	75.000000	0.672418	0.0234484
sR	269.716968	75.000000	0.682134	0.0236427
sR	271.316089	75.000000	0.692529	0.0238506
sR	272.915210	75.000000	0.701976	0.0240395
sR	274.514331	75.000000	0.710362	0.0242072
sR	276.113501	75.000000	0.716074	0.0243215
sR	277.712646	75.000000	0.720946	0.0244189
sR	279.311841	75.000000	0.718121	0.0243624
sR	280.911035	75.000000	0.704017	0.0240803
sR	282.510254	75.000000	0.685845	0.0237169
sR	284.109473	75.000000	0.650157	0.0230031
sR	285.708716	75.000000	0.602366	0.0220473
sR	287.307959	75.000000	0.540828	0.0208166
sR	288.907202	75.000000	0.475622	0.0195124
sR	290.506494	75.000000	0.423963	0.0184793
sR	292.105762	75.000000	0.402407	0.0180481
sR	293.705078	75.000000	0.426147	0.0185229
sR	295.304370	75.000000	0.483659	0.0196732
sR	296.903687	75.000000	0.551391	0.0210278
sR	298.503027	75.000000	0.618875	0.0223775
sR	300.102368	75.000000	0.677312	0.0235462
sR	301.701709	75.000000	0.716368	0.0243274
sR	303.301074	75.000000	0.748218	0.0249644
sR	304.900439	75.000000	0.775899	0.025518
sR	306.499805	75.000000	0.793575	0.0258715
sR	308.099194	75.000000	0.8022	0.026044
sR	309.698584	75.000000	0.816415	0.0263283
sR	311.297998	75.000000	0.820589	0.0264118
sR	312.897388	75.000000	0.825885	0.0265177
sR	314.496802	75.000000	0.825764	0.0265153
sR	316.096216	75.000000	0.827591	0.0265518
sR	317.695654	75.000000	0.828044	0.0265609
sR	319.295093	75.000000	0.826149	0.026523
sR	320.894531	75.000000	0.823432	0.0264686
sR	322.493970	75.000000	0.817033	0.0263407
sR	324.093408	75.000000	0.811959	0.0262392
sR	325.692871	75.000000	0.802597	0.0260519
sR	327.292334	75.000000	0.792955	0.0258591
sR	328.891797	75.000000	0.782149	0.025643
sR	330.491260	75.000000	0.769057	0.0253811
sR	332.090723	75.000000	0.750695	0.0250139
sR	333.690186	75.000000	0.73349	0.0246698
sR	335.289673	75.000000	0.711712	0.0242342
sR	336.889136	75.000000	0.686675	0.0237335
sR	338.488623	75.000000	0.657501	0.02315
sR	340.088110	75.000000	0.623995	0.0224799
sR	341.687573	75.000000	0.587227	0.0217445
sR	343.287061	75.000000	0.540867	0.0208173
sR	344.886548	75.000000	0.495275	0.0199055
sR	346.486035	75.000000	0.446865	0.0189373
sR	348.085522	75.000000	0.393141	0.0178628
sR	349.684985	75.000000	0.342363	0.0168473
sR	351.284473	75.000000	0.293337	0.0158667
sR	352.883960	75.000000	0.25807	0.0151614
sR	354.483423	75.000000	0.232089	0.0146418
sR	356.082910	75.000000	0.220892	0.0144178
sR	357.682373	75.000000	0.225391	0.0145078
sR	359.281860	75.000000	0.245501	0.01491
sR	360.881323	75.000000	0.27622	0.0155244
sR	362.480786	75.000000	0.315127	0.0163025
sR	364.080249	75.000000	0.3598	0.017196
sR	365.679712	75.000000	0.403295	0.0180659
sR	367.279175	75.000000	0.445483	0.0189097
sR	368.878613	75.000000	0.489553	0.0197911
sR	370.478052	75.000000	0.528286	0.0205657
sR	372.077490	75.000000	0.561336	0.0212267
sR	373.676929	75.000000	0.591646	0.0218329
sR	375.276367	75.000000	0.62039	0.0224078
sR	376.875781	75.000000	0.64525	0.022905
sR	378.475195	75.000000	0.664124	0.0232825
sR	380.074609	75.000000	0.685622	0.0237124
sR	381.673999	75.000000	0.702064	0.0240413
sR	383.273389	75.000000	0.7152	0.024304
sR	384.872778	75.000000	0.733332	0.0246666
sR	386.472168	75.000000	0.743455	0.0248691
sR	388.071533	75.000000	0.756707	0.0251341
sR	389.670898	75.000000	0.764486	0.0252897
sR	391.270239	75.000000	0.771314	0.0254263
sR	392.869580	75.000000	0.781578	0.0256316
sR	394.468921	75.000000	0.788659	0.0257732
sR	396.068237	75.000000	0.792801	0.025856
sR	397.667554	75.000000	0.799235	0.0259847
sR	399.266846	75.000000	0.805604	0.0261121
sR	400.866138	75.000000	0.809075	0.0261815
sR	402.465405	75.000000	0.812724	0.0262545
sR	404.064673	75.000000	0.815885	0.0263177
sR	405.663916	75.000000	0.819319	0.0263864
sR	407.263159	75.000000	0.822127	0.0264425
sR	408.862378	75.000000	0.825136	0.0265027
sR	410.461572	75.000000	0.829148	0.026583
sR	412.060791	75.000000	0.830875	0.0266175
sR	413.659961	75.000000	0.832105	0.0266421
sR	415.259131	75.000000	0.83357	0.0266714
sR	416.858301	75.000000	0.834817	0.0266963
sR	418.457422	75.000000	0.836489	0.0267298
sR	420.056592	75.000000	0.833269	0.0266654
sR	421.655664	75.000000	0.836667	0.0267333
sR	423.254785	75.000000	0.836893	0.0267379
sR	424.853857	75.000000	0.836501	0.02673
sR	426.452930	75.000000	0.836524	0.0267305
sR	428.051953	75.000000	0.83836	0.0267672
sR	429.650977	75.000000	0.838562	0.0267712
sR	431.250000	75.000000	0.83771	0.0267542
sR	432.848975	75.000000	0.837916	0.0267583
sR	434.447949	75.000000	0.83465	0.026693
sR	436.046924	75.000000	0.833645	0.0266729
sR	437.645850	75.000000	0.834727	0.0266945
sR	439.244727	75.000000	0.832042	0.0266408
sR	440.843652	75.000000	0.831573	0.0266315
sR	442.442529	75.000000	0.833152	0.026663
sR	444.041357	75.000000	0.829288	0.0265858
sR	445.640186	75.000000	0.827851	0.026557
sR	447.239014	75.000000	0.826432	0.0265286
sR	448.837793	75.000000	0.823911	0.0264782
sR	450.436572	75.000000	0.821301	0.026426
sR	452.035303	75.000000	0.820254	0.0264051
sR	453.634033	75.000000	0.818002	0.02636
sR	455.232715	75.000000	0.814597	0.0262919
sR	456.831396	75.000000	0.810702	0.026214
sR	458.430078	75.000000	0.80736	0.0261472
sR	460.028711	75.000000	0.805085	0.0261017
sR	461.627295	75.000000	0.799877	0.0259975
sR	463.225879	75.000000	0.797152	0.025943
sR	464.824463	75.000000	0.792856	0.0258571
sR	466.422949	75.000000	0.788532	0.0257706
sR	468.021484	75.000000	0.784825	0.0256965
sR	469.619971	75.000000	0.781235	0.0256247
sR	471.218408	75.000000	0.775696	0.0255139
sR	472.816846	75.000000	0.768707	0.0253741
sR	474.415234	75.000000	0.765742	0.0253148
sR	476.013623	75.000000	0.758687	0.0251737
sR	477.611963	75.000000	0.752312	0.0250462
sR	479.210254	75.000000	0.746123	0.0249225
sR	480.808545	75.000000	0.739641	0.0247928
sR	482.406836	75.000000	0.732069	0.0246414
sR	484.005029	75.000000	0.723039	0.0244608
sR	485.603271	75.000000	0.714953	0.0242991
sR	487.201416	75.000000	0.707478	0.0241496
sR	488.799561	75.000000	0.698532	0.0239706
sR	490.397656	75.000000	0.686807	0.0237361
sR	491.995752	75.000000	0.677728	0.0235546
sR	493.593799	75.000000	0.667354	0.0233471
sR	495.191846	75.000000	0.655016	0.0231003
sR	496.789795	75.000000	0.64176	0.0228352
sR	498.387744	75.000000	0.629734	0.0225947
sR	499.985693	75.000000	0.616757	0.0223351
sR	501.583594	75.000000	0.602506	0.0220501
sR	503.181445	75.000000	0.587495	0.0217499
sR	504.779248	75.000000	0.571604	0.0214321
sR	506.377051	75.000000	0.55504	0.0211008
sR	507.974805	75.000000	0.539123	0.0207825
sR	509.572510	75.000000	0.518819	0.0203764
sR	511.170215	75.000000	0.500717	0.0200143
sR	512.767871	75.000000	0.480951	0.019619
sR	514.365479	75.000000	0.461086	0.0192217
sR	515.963037	75.000000	0.439801	0.018796
sR	517.560596	75.000000	0.418184	0.0183637
sR	519.158105	75.000000	0.397296	0.0179459
sR	520.755566	75.000000	0.374845	0.0174969
sR	522.353027	75.000000	0.353427	0.0170685
sR	523.950391	75.000000	0.329258	0.0165852
sR	525.547754	75.000000	0.306864	0.0161373
sR	527.145068	75.000000	0.285006	0.0157001
sR	528.742383	75.000000	0.262426	0.0152485
sR	530.339600	75.000000	0.239425	0.0147885
sR	531.936816	75.000000	0.218829	0.0143766
sR	533.533984	75.000000	0.197678	0.0139536
sR	535.131104	75.000000	0.177648	0.013553
sR	536.728174	75.000000	0.159789	0.0131958
sR	538.325244	75.000000	0.144132	0.0128826
sR	539.922266	75.000000	0.129791	0.0125958
sR	541.519189	75.000000	0.118144	0.0123629
sR	543.116113	75.000000	0.10866	0.0121732
sR	544.712988	75.000000	0.101917	0.0120383
sR	546.309863	75.000000	0.0977777	0.0119556
sR	547.906641	75.000000	0.0960428	0.0119209
sR	549.503369	75.000000	0.0969315	0.0119386
sR	551.100098	75.000000	0.100104	0.0120021
sR	552.696777	75.000000	0.106624	0.0121325
sR	554.293359	75.000000	0.115245	0.0123049
sR	555.889941	75.000000	0.125923	0.0125185
sR	557.486475	75.000000	0.138507	0.0127701
sR	559.082959	75.000000	0.152534	0.0130507
sR	560.679395	75.000000	0.168572	0.0133714
sR	562.275830	75.000000	0.184984	0.0136997
sR	563.872168	75.000000	0.203219	0.0140644
sR	565.468457	75.000000	0.222441	0.0144488
sR	567.064697	75.000000	0.241017	0.0148203
sR	568.660938	75.000000	0.260509	0.0152102
sR	570.257080	75.000000	0.280617	0.0156123
sR	571.853223	75.000000	0.300009	0.0160002
sR	573.449268	75.000000	0.319997	0.0163999
sR	575.045313	75.000000	0.340599	0.016812
sR	576.641260	75.000000	0.358795	0.0171759
sR	578.237207	75.000000	0.377382	0.0175476
sR	579.833057	75.000000	0.395159	0.0179032
sR	581.428857	75.000000	0.414045	0.0182809
sR	583.024658	75.000000	0.429937	0.0185987
sR	584.620361	75.000000	0.447566	0.0189513
sR	586.216064	75.000000	0.463713	0.0192743
sR	587.811670	75.000000	0.480018	0.0196004
sR	589.407227	75.000000	0.494152	0.019883
sR	591.002734	75.000000	0.509864	0.0201973
sR	592.598193	75.000000	0.522763	0.0204553
sR	594.193604	75.000000	0.53596	0.0207192
sR	595.788965	75.000000	0.548281	0.0209656
sR	597.384277	75.000000	0.560735	0.0212147
sR	598.979541	75.000000	0.572816	0.0214563
sR	600.574756	75.000000	0.585172	0.0217034
sR	602.169873	75.000000	0.595814	0.0219163
sR	603.764990	75.000000	0.606914	0.0221383
sR	605.360010	75.000000	0.616219	0.0223244
sR	606.954980	75.000000	0.625717	0.0225143
sR	608.549902	75.000000	0.63411	0.0226822
sR	610.144775	75.000000	0.642961	0.0228592
sR	611.739600	75.000000	0.651111	0.0230222
sR	613.334375	75.000000	0.659918	0.0231984
sR	614.929053	75.000000	0.669163	0.0233833
sR	616.523730	75.000000	0.67403	0.0234806
sR	618.118311	75.000000	0.681633	0.0236327
sR	619.712842	75.000000	0.688863	0.0237773
sR	621.307275	75.000000	0.694087	0.0238817
sR	622.901709	75.000000	0.700699	0.024014
sR	624.496045	75.000000	0.708116	0.0241623
sR	626.090381	75.000000	0.713319	0.0242664
sR	627.684570	75.000000	0.719288	0.0243858
sR	629.278760	75.000000	0.724447	0.024489
sR	630.872900	75.000000	0.728623	0.0245725
sR	632.466943	75.000000	0.733156	0.0246631
sR	634.060938	75.000000	0.739944	0.0247989
sR	635.654883	75.000000	0.743437	0.0248687
sR	637.248730	75.000000	0.747468	0.0249494
sR	638.842529	75.000000	0.748892	0.0249778
sR	640.436279	75.000000	0.756705	0.0251341
sR	642.029980	75.000000	0.760226	0.0252045
sR	643.623584	75.000000	0.761661	0.0252332
sR	645.217139	75.000000	0.764224	0.0252845
sR	646.810645	75.000000	0.768578	0.0253716
sR	648.404053	75.000000	0.771236	0.0254247
sR	649.997412	75.000000	0.774981	0.0254996
sR	651.590723	75.000000	0.777945	0.0255589
sR	653.183984	75.000000	0.783362	0.0256672
sR	654.777148	75.000000	0.785294	0.0257059
sR	656.370264	75.000000	0.789731	0.0257946
sR	657.963281	75.000000	0.788852	0.025777
sR	659.556250	75.000000	0.792365	0.0258473
sR	661.149170	75.000000	0.795706	0.0259141
sR	662.741992	75.000000	0.799063	0.0259813
sR	664.334766	75.000000	0.799532	0.0259906
sR	665.927490	75.000000	0.801485	0.0260297
sR	667.520117	75.000000	0.803626	0.0260725
sR	669.112695	75.000000	0.80587	0.0261174
sR	670.705176	75.000000	0.80669	0.0261338
sR	672.297607	75.000000	0.807581	0.0261516
sR	673.889990	75.000000	0.810751	0.026215
sR	675.482275	75.000000	0.813441	0.0262688
sR	677.074512	75.000000	0.815059	0.0263012
sR	678.666650	75.000000	0.815639	0.0263128
sR	680.258740	75.000000	0.816391	0.0263278
sR	681.850732	75.000000	0.819681	0.0263936
sR	683.442676	75.000000	0.823237	0.0264647
sR	685.034521	75.000000	0.823643	0.0264729
sR	686.626318	75.000000	0.824516	0.0264903
sR	688.218066	75.000000	0.824609	0.0264922
sR	689.809717	75.000000	0.827819	0.0265564
sR	691.401270	75.000000	0.830721	0.0266144
sR	692.992773	75.000000	0.828119	0.0265624
sR	694.584229	75.000000	0.833087	0.0266617
sR	696.175586	75.000000	0.832694	0.0266539
sR	697.766846	75.000000	0.83246	0.0266492
sR	699.358057	75.000000	0.835213	0.0267043
sR	700.949170	75.000000	0.836601	0.026732
sR	702.540234	75.000000	0.838671	0.0267734
sR	704.131201	75.000000	0.835249	0.026705
sR	705.722119	75.000000	0.841084	0.0268217
sR	707.312939	75.000000	0.84377	0.0268754
sR	708.903711	75.000000	0.846396	0.0269279
sR	710.494385	75.000000	0.843092	0.0268618
sR	712.084961	75.000000	0.840774	0.0268155
sR	713.675488	75.000000	0.847549	0.026951
sR	715.265918	75.000000	0.847342	0.0269468
sR	716.856299	75.000000	0.847997	0.0269599
sR	718.446582	75.000000	0.846767	0.0269353
sR	720.036768	75.000000	0.84862	0.0269724
sR	721.626904	75.000000	0.848923	0.0269785
sR	723.216943	75.000000	0.850408	0.0270082
sR	724.806885	75.000000	0.849665	0.0269933
sR	726.396777	75.000000	0.850755	0.0270151
sR	727.986572	75.000000	0.850957	0.0270191
sR	729.576318	75.000000	0.851388	0.0270278
sR	731.165967	75.000000	0.852804	0.0270561
sR	732.755518	75.000000	0.853616	0.0270723
sR	734.344971	75.000000	0.853606	0.0270721
sR	735.934375	75.000000	0.854575	0.0270915
sR	737.523682	75.000000	0.855374	0.0271075
sR	739.112891	75.000000	0.85622	0.0271244
sR	740.702051	75.000000	0.853587	0.0270717
sR	742.291113	75.000000	0.85798	0.0271596
sR	743.880078	75.000000	0.857303	0.0271461
sR	745.468994	75.000000	0.854917	0.0270983
sR	747.057764	75.000000	0.856441	0.0271288
sR	748.646484	75.000000	0.855986	0.0271197
sR	750.235156	75.000000	0.856548	0.027131
sR	751.823682	75.000000	0.860473	0.0272095
sR	753.412158	75.000000	0.861896	0.0272379
sR	755.000537	75.000000	0.860405	0.0272081
sR	756.588818	75.000000	0.861235	0.0272247
sR	758.177002	75.000000	0.860991	0.0272198
sR	759.765137	75.000000	0.860339	0.0272068
sR	761.353125	75.000000	0.864704	0.0272941
sR	762.941064	75.000000	0.862848	0.027257
sR	764.528906	75.000000	0.863049	0.027261
sR	766.116699	75.000000	0.861763	0.0272353
sR	767.704346	75.000000	0.861495	0.0272299
sR	769.291943	75.000000	0.86552	0.0273104
sR	770.879443	75.000000	0.865771	0.0273154
sR	772.466846	75.000000	0.865153	0.0273031
sR	774.054150	75.000000	0.864735	0.0272947
sR	775.641357	75.000000	0.865742	0.0273148
sR	777.228467	75.000000	0.86453	0.0272906
sR	778.815527	75.000000	0.864242	0.0272848
sR	780.402441	75.000000	0.867746	0.0273549
sR	781.989307	75.000000	0.866092	0.0273218
sR	783.576074	75.000000	0.86741	0.0273482
sR	785.162744	75.000000	0.866598	0.027332
sR	786.749316	75.000000	0.86534	0.0273068
sR	788.335791	75.000000	0.866732	0.0273346
sR	789.922168	75.000000	0.865466	0.0273093
sR	791.508447	75.000000	0.865664	0.0273133
sR	793.094629	75.000000	0.864065	0.0272813
sR	794.680762	75.000000	0.864595	0.0272919
sR	796.266748	75.000000	0.862717	0.0272543
sR	797.852637	75.000000	0.864618	0.0272924
sR	799.438477	75.000000	0.867104	0.0273421
sR	801.024170	75.000000	0.866793	0.0273359
sR	802.609814	75.000000	0.87039	0.0274078
sR	804.195313	75.000000	0.869525	0.0273905
sR	805.780762	75.000000	0.86743	0.0273486
sR	807.366064	75.000000	0.86534	0.0273068
sR	808.951318	75.000000	0.867239	0.0273448
sR	810.536426	75.000000	0.867471	0.0273494
sR	812.121484	75.000000	0.870266	0.0274053
sR	813.706396	75.000000	0.865608	0.0273122
sR	815.291211	75.000000	0.86448	0.0272896
sR	816.875977	75.000000	0.869492	0.0273898
sR	818.460596	75.000000	0.868937	0.0273787
sR	820.045117	75.000000	0.867481	0.0273496
sR	821.629590	75.000000	0.866968	0.0273394
sR	823.213867	75.000000	0.869326	0.0273865
sR	824.798145	75.000000	0.869233	0.0273847
sR	826.382227	75.000000	0.870669	0.0274134
sR	827.966211	75.000000	0.870758	0.0274152
sR	829.550195	75.000000	0.868437	0.0273687
sR	831.133984	75.000000	0.866237	0.0273247
sR	832.717676	75.000000	0.867906	0.0273581
sR	834.301270	75.000000	0.869872	0.0273974
sR	835.884863	75.000000	0.866031	0.0273206
sR	837.468262	75.000000	0.86421	0.0272842
sR	839.051563	75.000000	0.863558	0.0272712
sR	840.634668	75.000000	0.870812	0.0274162
sR	842.217773	75.000000	0.869793	0.0273959
sR	843.800781	75.000000	0.869868	0.0273974
sR	845.383691	75.000000	0.869683	0.0273937
sR	846.966406	75.000000	0.867567	0.0273513
sR	848.549121	75.000000	0.864847	0.0272969
sR	850.131641	75.000000	0.866836	0.0273367
sR	851.714063	75.000000	0.866203	0.0273241
sR	853.296484	75.000000	0.867536	0.0273507
sR	854.878711	75.000000	0.866601	0.027332
sR	856.460840	75.000000	0.863253	0.0272651
sR	858.042773	75.000000	0.865518	0.0273104
sR	859.624707	75.000000	0.862384	0.0272477
sR	861.206543	75.000000	0.868361	0.0273672
sR	862.788184	75.000000	0.867314	0.0273463
sR	864.369824	75.000000	0.86366	0.0272732
sR	865.951270	75.000000	0.869694	0.0273939
sR	867.532617	75.000000	0.867462	0.0273492
sR	869.113867	75.000000	0.86502	0.0273004
sR	870.695020	75.000000	0.863085	0.0272617
sR	872.275977	75.000000	0.862273	0.0272455
sR	873.856934	75.000000	0.862644	0.0272529
sR	875.437695	75.000000	0.864125	0.0272825
sR	877.018359	75.000000	0.866963	0.0273393
sR	878.599023	75.000000	0.866382	0.0273276
sR	880.179395	75.000000	0.865203	0.0273041
sR	881.759766	75.000000	0.865106	0.0273021
sR	883.340039	75.000000	0.865687	0.0273137
sR	884.920117	75.000000	0.86342	0.0272684
sR	886.500098	75.000000	0.860676	0.0272135
sR	888.079980	75.000000	0.860211	0.0272042
sR	889.659766	75.000000	0.864368	0.0272874
sR	891.239453	75.000000	0.860522	0.0272104
sR	892.818945	75.000000	0.86237	0.0272474
sR	894.398438	75.000000	0.864951	0.027299
sR	895.977734	75.000000	0.862726	0.0272545
sR	897.556934	75.000000	0.861392	0.0272278
sR	899.135938	75.000000	0.864426	0.0272885
sR	900.714941	75.000000	0.862863	0.0272573
sR	902.293750	75.000000	0.860956	0.0272191
sR	903.872461	75.000000	0.858376	0.0271675
sR	905.451074	75.000000	0.858282	0.0271656
sR	907.029590	75.000000	0.85994	0.0271988
sR	908.607910	75.000000	0.859371	0.0271874
sR	910.186133	75.000000	0.857386	0.0271477
sR	911.764258	75.000000	0.85538	0.0271076
sR	913.342285	75.000000	0.857821	0.0271564
sR	914.920117	75.000000	0.856397	0.0271279
sR	916.497852	75.000000	0.855877	0.0271175
sR	918.075488	75.000000	0.857099	0.027142
sR	919.653027	75.000000	0.856493	0.0271299
sR	921.230469	75.000000	0.8557	0.027114
sR	922.807715	75.000000	0.853217	0.0270643
sR	924.384863	75.000000	0.856796	0.0271359
sR	925.961914	75.000000	0.858697	0.0271739
sR	927.538770	75.000000	0.857618	0.0271524
sR	929.115527	75.000000	0.857872	0.0271574
sR	930.692188	75.000000	0.85198	0.0270396
sR	932.268750	75.000000	0.854673	0.0270935
sR	933.845117	75.000000	0.855418	0.0271084
sR	935.421387	75.000000	0.858562	0.0271712
sR	936.997559	75.000000	0.855349	0.027107
sR	938.573535	75.000000	0.857733	0.0271547
sR	940.149414	75.000000	0.854663	0.0270933
sR	941.725195	75.000000	0.857841	0.0271568
sR	943.300879	75.000000	0.852896	0.0270579
sR	944.876367	75.000000	0.851747	0.0270349
sR	946.451758	75.000000	0.849846	0.0269969
sR	948.027051	75.000000	0.843122	0.0268624
sR	949.602148	75.000000	0.843673	0.0268735
sR	951.177148	75.000000	0.846719	0.0269344
sR	952.752051	75.000000	0.848584	0.0269717
sR	954.326758	75.000000	0.843847	0.0268769
sR	955.901367	75.000000	0.844869	0.0268974
sR	957.475879	75.000000	0.846481	0.0269296
sR	959.050195	75.000000	0.848921	0.0269784
sR	960.624512	75.000000	0.849399	0.026988
sR	962.198535	75.000000	0.846886	0.0269377
sR	963.772559	75.000000	0.840412	0.0268082
sR	965.346387	75.000000	0.840133	0.0268027
sR	966.920020	75.000000	0.839822	0.0267964
sR	968.493652	75.000000	0.840633	0.0268127
sR	970.066992	75.000000	0.843979	0.0268796
sR	971.640332	75.000000	0.844781	0.0268956
sR	973.213477	75.000000	0.842248	0.026845
sR	974.786523	75.000000	0.841053	0.0268211
sR	976.359473	75.000000	0.84436	0.0268872
sR	977.932227	75.000000	0.843355	0.0268671
sR	979.504785	75.000000	0.843038	0.0268608
sR	981.077344	75.000000	0.842542	0.0268508
sR	982.649707	75.000000	0.845055	0.0269011
sR	984.221875	75.000000	0.841401	0.026828
sR	985.793945	75.000000	0.839206	0.0267841
sR	987.365918	75.000000	0.841926	0.0268385
sR	988.937793	75.000000	0.840523	0.0268105
sR	990.509375	75.000000	0.845642	0.0269128
sR	992.080957	75.000000	0.840389	0.0268078
sR	993.652344	75.000000	0.84058	0.0268116
sR	995.223633	75.000000	0.840163	0.0268033
sR	996.794727	75.000000	0.837901	0.026758
sR	998.365723	75.000000	0.839763	0.0267953
sR	999.936523	75.000000	0.837319	0.0267464
sR	1012.422852	75.000000	0.804822	0.0260964
sR	1015.876367	75.000000	0.803278	0.0260656
sR	1019.329297	75.000000	0.802611	0.0260522
sR	1022.781836	75.000000	0.799125	0.0259825
sR	1026.233691	75.000000	0.797125	0.0259425
sR	1029.685059	75.000000	0.794212	0.0258842
sR	1033.135938	75.000000	0.793817	0.0258763
sR	1036.586230	75.000000	0.794587	0.0258917
sR	1040.036035	75.000000	0.792343	0.0258469
sR	1043.485352	75.000000	0.792404	0.0258481
sR	1046.934082	75.000000	0.790163	0.0258033
sR	1050.382324	75.000000	0.786322	0.0257264
sR	1053.830078	75.000000	0.789393	0.0257879
sR	1057.277344	75.000000	0.786018	0.0257204
sR	1060.724121	75.000000	0.782771	0.0256554
sR	1064.170410	75.000000	0.783486	0.0256697
sR	1067.616113	75.000000	0.779757	0.0255951
sR	1071.061426	75.000000	0.776617	0.0255323
sR	1074.506250	75.000000	0.777428	0.0255486
sR	1077.950586	75.000000	0.774763	0.0254953
sR	1081.394434	75.000000	0.774277	0.0254855
sR	1084.837891	75.000000	0.772985	0.0254597
sR	1088.280762	75.000000	0.770001	0.0254
sR	1091.723242	75.000000	0.764815	0.0252963
sR	1095.165332	75.000000	0.762427	0.0252485
sR	1098.606836	75.000000	0.764659	0.0252932
sR	1102.047949	75.000000	0.761161	0.0252232
sR	1105.488672	75.000000	0.759059	0.0251812
sR	1108.928906	75.000000	0.756832	0.0251366
sR	1112.368750	75.000000	0.751431	0.0250286
sR	1115.808105	75.000000	0.748876	0.0249775
sR	1119.247070	75.000000	0.748322	0.0249664
sR	1122.685645	75.000000	0.746935	0.0249387
sR	1126.123730	75.000000	0.747523	0.0249505
sR	1129.561426	75.000000	0.743685	0.0248737
sR	1132.998730	75.000000	0.740247	0.0248049
sR	1136.435645	75.000000	0.740121	0.0248024
sR	1139.872168	75.000000	0.73514	0.0247028
sR	1143.308203	75.000000	0.732298	0.024646
sR	1146.743945	75.000000	0.730167	0.0246033
sR	1150.179297	75.000000	0.726005	0.0245201
sR	1153.614258	75.000000	0.722016	0.0244403
sR	1157.048828	75.000000	0.721356	0.0244271
sR	1160.483008	75.000000	0.716122	0.0243224
sR	1163.916797	75.000000	0.72116	0.0244232
sR	1167.350195	75.000000	0.717704	0.0243541
sR	1170.783301	75.000000	0.711761	0.0242352
sR	1174.216016	75.000000	0.708372	0.0241674
sR	1177.648438	75.000000	0.70304	0.0240608
sR	1181.080469	75.000000	0.701415	0.0240283
sR	1184.512109	75.000000	0.699848	0.023997
sR	1187.943457	75.000000	0.693648	0.023873
sR	1191.374512	75.000000	0.6926	0.023852
sR	1194.805176	75.000000	0.688929	0.0237786
sR	1198.235547	75.000000	0.683789	0.0236758
sR	1201.665527	75.000000	0.679819	0.0235964
sR	1205.095215	75.000000	0.675978	0.0235196
sR	1208.524609	75.000000	0.675303	0.0235061
sR	1211.953711	75.000000	0.669316	0.0233863
sR	1215.382422	75.000000	0.665056	0.0233011
sR	1218.810938	75.000000	0.659249	0.023185
sR	1222.239063	75.000000	0.656513	0.0231303
sR	1225.666895	75.000000	0.653538	0.0230708
sR	1229.094531	75.000000	0.651812	0.0230362
sR	1232.521777	75.000000	0.647603	0.0229521
sR	1235.948828	75.000000	0.643155	0.0228631
sR	1239.375586	75.000000	0.641497	0.0228299
sR	1242.801953	75.000000	0.635047	0.0227009
sR	1246.228223	75.000000	0.63001	0.0226002
sR	1249.654102	75.000000	0.623813	0.0224763
sR	1253.079785	75.000000	0.618265	0.0223653
sR	1256.505176	75.000000	0.614371	0.0222874
sR	1259.930273	75.000000	0.612093	0.0222419
sR	1263.355273	75.000000	0.606887	0.0221377
sR	1266.779883	75.000000	0.603206	0.0220641
sR	1270.204297	75.000000	0.59998	0.0219996
sR	1273.628516	75.000000	0.592949	0.021859
sR	1277.052441	75.000000	0.590485	0.0218097
sR	1280.476172	75.000000	0.579946	0.0215989
sR	1283.899609	75.000000	0.576517	0.0215303
sR	1287.322949	75.000000	0.568237	0.0213647
sR	1290.745996	75.000000	0.567347	0.0213469
sR	1294.168848	75.000000	0.560365	0.0212073
sR	1297.591504	75.000000	0.555265	0.0211053
sR	1301.013965	75.000000	0.553047	0.0210609
sR	1304.436230	75.000000	0.549663	0.0209933
sR	1307.858301	75.000000	0.538143	0.0207629
sR	1311.280078	75.000000	0.537532	0.0207506
sR	1314.701758	75.000000	0.527959	0.0205592
sR	1318.123340	75.000000	0.523275	0.0204655
sR	1321.544629	75.000000	0.514585	0.0202917
sR	1324.965723	75.000000	0.509866	0.0201973
sR	1328.386719	75.000000	0.503429	0.0200686
sR	1331.807520	75.000000	0.496836	0.0199367
sR	1335.228223	75.000000	0.489327	0.0197865
sR	1338.648730	75.000000	0.484865	0.0196973
sR	1342.069043	75.000000	0.478009	0.0195602
sR	1345.489258	75.000000	0.474931	0.0194986
sR	1348.909277	75.000000	0.467327	0.0193465
sR	1352.329199	75.000000	0.461549	0.019231
sR	1355.749023	75.000000	0.450591	0.0190118
sR	1359.168652	75.000000	0.447996	0.0189599
sR	1362.588184	75.000000	0.439042	0.0187808
sR	1366.007617	75.000000	0.434109	0.0186822
sR	1369.426855	75.000000	0.424891	0.0184978
sR	1372.845996	75.000000	0.421042	0.0184208
sR	1376.265039	75.000000	0.410311	0.0182062
sR	1379.684082	75.000000	0.402901	0.018058
sR	1383.102930	75.000000	0.396873	0.0179375
sR	1386.521680	75.000000	0.390616	0.0178123
sR	1389.940332	75.000000	0.382958	0.0176592
sR	1393.358887	75.000000	0.374828	0.0174966
sR	1396.777344	75.000000	0.365649	0.017313
sR	1400.195801	75.000000	0.359516	0.0171903
sR	1403.614063	75.000000	0.350817	0.0170163
sR	1407.032324	75.000000	0.347647	0.0169529
sR	1410.450586	75.000000	0.335321	0.0167064
sR	1413.868652	75.000000	0.330069	0.0166014
sR	1417.286719	75.000000	0.320884	0.0164177
sR	1420.704785	75.000000	0.314618	0.0162924
sR	1424.122754	75.000000	0.305909	0.0161182
sR	1427.540625	75.000000	0.297746	0.0159549
sR	1430.958496	75.000000	0.289931	0.0157986
sR	1434.376367	75.000000	0.283748	0.015675
sR	1437.794141	75.000000	0.273839	0.0154768
sR	1441.211914	75.000000	0.265885	0.0153177
sR	1444.629688	75.000000	0.256743	0.0151349
sR	1448.047363	75.000000	0.251473	0.0150295
sR	1451.465039	75.000000	0.242997	0.0148599
sR	1454.882813	75.000000	0.236617	0.0147323
sR	1458.300488	75.000000	0.226215	0.0145243
sR	1461.718164	75.000000	0.221205	0.0144241
sR	1465.135840	75.000000	0.212058	0.0142412
sR	1468.553516	75.000000	0.20476	0.0140952
sR	1471.971191	75.000000	0.196235	0.0139247
sR	1475.388867	75.000000	0.189252	0.013785
sR	1478.806543	75.000000	0.182473	0.0136495
sR	1482.224316	75.000000	0.175565	0.0135113
sR	1485.642090	75.000000	0.167305	0.0133461
sR	1489.059863	75.000000	0.159814	0.0131963
sR	1492.477734	75.000000	0.151977	0.0130395
sR	1495.895508	75.000000	0.146923	0.0129385
sR	1499.313477	75.000000	0.138905	0.0127781
sR	1502.731445	75.000000	0.133225	0.0126645
sR	1506.149414	75.000000	0.126296	0.0125259
sR	1509.567480	75.000000	0.119901	0.012398
sR	1512.985547	75.000000	0.11258	0.0122516
sR	1516.403711	75.000000	0.106207	0.0121241
sR	1519.821973	75.000000	0.0992494	0.011985
sR	1523.240234	75.000000	0.0943933	0.0118879
sR	1526.658691	75.000000	0.086593	0.0117319
sR	1530.077148	75.000000	0.0824729	0.0116495
sR	1533.495703	75.000000	0.0761314	0.0115226
sR	1536.914258	75.000000	0.0718492	0.011437
sR	1540.333008	75.000000	0.0664285	0.0113286
sR	1543.751855	75.000000	0.062261	0.0112452
sR	1547.170801	75.000000	0.0557955	0.0111159
sR	1550.589844	75.000000	0.0519649	0.0110393
sR	1554.008887	75.000000	0.0471035	0.0109421
sR	1557.428223	75.000000	0.0432977	0.010866
sR	1560.847559	75.000000	0.0392666	0.0107853
sR	1564.266992	75.000000	0.0355995	0.010712
sR	1567.686621	75.000000	0.032044	0.0106409
sR	1571.106348	75.000000	0.0287815	0.0105756
sR	1574.526270	75.000000	0.0250017	0.0105
sR	1577.946289	75.000000	0.0224589	0.0104492
sR	1581.366406	75.000000	0.0196799	0.0103936
sR	1584.786719	75.000000	0.0177589	0.0103552
sR	1588.207227	75.000000	0.0151696	0.0103034
sR	1591.627832	75.000000	0.0137388	0.0102748
sR	1595.048535	75.000000	0.0116878	0.0102338
sR	1598.469531	75.000000	0.0105469	0.0102109
sR	1601.890625	75.000000	0.00951468	0.0101903
sR	1605.311816	75.000000	0.00781197	0.0101562
sR	1608.733301	75.000000	0.00783997	0.0101568
sR	1612.154883	75.000000	0.00676203	0.0101352
sR	1615.576758	75.000000	0.0066801	0.0101336
sR	1618.998730	75.000000	0.00746	0.0101492
sR	1622.420898	75.000000	0.00666472	0.0101333
sR	1625.843262	75.000000	0.00779148	0.0101558
sR	1629.265918	75.000000	0.0077117	0.0101542
sR	1632.688672	75.000000	0.00807615	0.0101615
sR	1636.111719	75.000000	0.00940519	0.0101881
sR	1639.534961	75.000000	0.0109859	0.0102197
sR	1642.958398	75.000000	0.0119973	0.0102399
sR	1646.382031	75.000000	0.014145	0.0102829
sR	1649.805859	75.000000	0.016325	0.0103265
sR	1653.230078	75.000000	0.017297	0.0103459
sR	1656.654297	75.000000	0.0202834	0.0104057
sR	1660.078906	75.000000	0.0221832	0.0104437
sR	1663.503711	75.000000	0.024391	0.0104878
sR	1666.928906	75.000000	0.0271628	0.0105433
sR	1670.354102	75.000000	0.0311039	0.0106221
sR	1673.779688	75.000000	0.0344888	0.0106898
sR	1677.205664	75.000000	0.0387184	0.0107744
sR	1680.631641	75.000000	0.0408738	0.0108175
sR	1684.058008	75.000000	0.0477247	0.0109545
sR	1687.484766	75.000000	0.0506541	0.0110131
sR	1690.911719	75.000000	0.0554614	0.0111092
sR	1694.338867	75.000000	0.0581074	0.0111621
sR	1697.766406	75.000000	0.0680617	0.0113612