060811 W1 Optical constants fit
VASEmethod[Normal Fit Generation for 060811_w1.dat and unsaved model, EllipsometerType=4, PolRT=45.00, WVASE=3.616, Tue Sep 12 10:06:03 2006]
Original[060811_w1_optical_constants_fit.dat]
nm
600.574756	64.999634	34.991695	96.092453	0.0111331	0.0243439
602.169873	64.999634	34.859573	96.812325	0.011178	0.0244924
603.764990	64.999634	34.729221	97.65374	0.0105973	0.0232643
605.360010	64.999634	34.615944	98.464684	0.0103068	0.0226581
606.954980	64.999634	34.513683	99.267693	0.0106756	0.0234969
608.549902	64.999634	34.396992	100.13075	0.0106131	0.0233803
610.144775	64.999634	34.303612	100.91859	0.0108198	0.0238475
611.739600	64.999634	34.209457	101.77048	0.0103897	0.022912
613.334375	64.999634	34.120892	102.52456	0.0108497	0.0239407
614.929053	64.999634	34.030022	103.37045	0.0105678	0.0233215
616.523730	64.999634	33.949181	104.17694	0.0109289	0.0240993
618.118311	64.999634	33.873978	105.0191	0.0105966	0.0233602
619.712842	64.999634	33.809406	105.87282	0.0108425	0.0238687
621.307275	64.999634	33.73914	106.64925	0.0108028	0.0237578
622.901709	64.999634	33.664936	107.5096	0.0108237	0.0237727
624.496045	64.999634	33.615154	108.38625	0.010867	0.0238321
626.090381	64.999634	33.527287	109.11168	0.0109122	0.0239142
627.684570	64.999634	33.489014	109.94827	0.0102617	0.0224313
629.278760	64.999634	33.441502	110.77811	0.0103998	0.0226792
630.872900	64.999634	33.378174	111.6301	0.0111417	0.024253
632.466943	64.999634	33.332455	112.44	0.0106284	0.0230801
634.060938	64.999634	33.290638	113.23459	0.0107801	0.023331
635.654883	64.999634	33.242722	114.11247	0.0109973	0.0237354
637.248730	64.999634	33.194862	114.87485	0.0106237	0.0228602
638.842529	64.999634	33.148594	115.72389	0.010915	0.0234096
640.436279	64.999634	33.11586	116.52234	0.0108701	0.0232102
642.029980	64.999634	33.104485	117.38646	0.0108685	0.0231002
643.623584	64.999634	33.043064	118.10296	0.0108276	0.0229525
645.217139	64.999634	32.998192	118.90424	0.0111883	0.0236157
646.810645	64.999634	32.969303	119.77206	0.0110652	0.0232447
648.404053	64.999634	32.948853	120.51764	0.0108501	0.0226954
649.997412	64.999634	32.925175	121.40884	0.0108843	0.0226496
651.590723	64.999634	32.885208	122.13379	0.0108742	0.0225369
653.183984	64.999634	32.85297	122.96685	0.0108902	0.0224318
654.777148	64.999634	32.850471	123.90971	0.0101415	0.0207523
656.370264	64.999634	32.824001	124.81174	0.00942725	0.019186
657.963281	64.999634	32.816967	125.50053	0.00907483	0.018368
659.556250	64.999634	32.760677	126.05968	0.00994181	0.0200447
661.149170	64.999634	32.737644	126.87114	0.0108058	0.0216463
662.741992	64.999634	32.714973	127.63641	0.0116802	0.0232387
664.334766	64.999634	32.71175	128.48238	0.0112546	0.0222142
665.927490	64.999634	32.674767	129.2319	0.0107004	0.0209961
667.520117	64.999634	32.666988	130.03038	0.0112919	0.0220015
669.112695	64.999634	32.657524	130.83855	0.0112551	0.0217607
670.705176	64.999634	32.625477	131.53226	0.0109008	0.0209388
672.297607	64.999634	32.606152	132.33519	0.0116053	0.022115
673.889990	64.999634	32.601833	133.10979	0.0110555	0.0208966
675.482275	64.999634	32.593739	133.90086	0.011285	0.0211598
677.074512	64.999634	32.581436	134.6581	0.0109169	0.0203233
678.666650	64.999634	32.550152	135.39072	0.0108271	0.020008
680.258740	64.999634	32.548	136.16672	0.0108286	0.0198486
681.850732	64.999634	32.539814	136.88133	0.0112319	0.0204305
683.442676	64.999634	32.526775	137.67747	0.0111558	0.0201402
685.034521	64.999634	32.522762	138.44069	0.0113895	0.020384
686.626318	64.999634	32.517525	139.20105	0.0115597	0.0205093
688.218066	64.999634	32.50211	139.93446	0.0106007	0.0186434
689.809717	64.999634	32.479771	140.63617	0.011006	0.0192024
691.401270	64.999634	32.476559	141.39261	0.0116226	0.0200803
692.992773	64.999634	32.472878	142.11127	0.0115381	0.0197589
694.584229	64.999634	32.463963	142.85544	0.0109249	0.0185317
696.175586	64.999634	32.461121	143.60384	0.0109359	0.0183493
697.766846	64.999634	32.443604	144.3214	0.0110378	0.0183538
699.358057	64.999634	32.447453	145.0654	0.010884	0.0178979
700.949170	64.999634	32.43401	145.75948	0.0119123	0.0193985
702.540234	64.999634	32.42881	146.4767	0.0114857	0.0185068
704.131201	64.999634	32.421356	147.18291	0.0119029	0.0189992
705.722119	64.999634	32.410511	147.9288	0.0113993	0.017983
707.312939	64.999634	32.412834	148.63959	0.0119543	0.0186714
708.903711	64.999634	32.411617	149.33821	0.0115011	0.0177813
710.494385	64.999634	32.410126	150.0515	0.0123441	0.0188974
712.084961	64.999634	32.410484	150.74152	0.011747	0.017818
713.675488	64.999634	32.403755	151.45595	0.0118307	0.0177552
715.265918	64.999634	32.392822	152.13875	0.011768	0.0174996
716.856299	64.999634	32.398411	152.85022	0.0118712	0.0174746
718.446582	64.999634	32.390743	153.54178	0.0122762	0.017901
720.036768	64.999634	32.391056	154.21967	0.0121739	0.0175727
721.626904	64.999634	32.401661	154.95052	0.0121449	0.0173456
723.216943	64.999634	32.388161	155.59843	0.0122178	0.0172939
724.806885	64.999634	32.390629	156.28325	0.0122777	0.0171957
726.396777	64.999634	32.392994	156.96519	0.012444	0.0172534
727.986572	64.999634	32.400497	157.65096	0.0122836	0.0168354
729.576318	64.999634	32.39502	158.34213	0.0124689	0.0168932
731.165967	64.999634	32.389332	158.99788	0.0127146	0.0170411
732.755518	64.999634	32.382687	159.66725	0.0124591	0.016511
734.344971	64.999634	32.390053	160.32315	0.0121092	0.015876
735.934375	64.999634	32.40464	160.99263	0.0124803	0.0161606
737.523682	64.999634	32.39455	161.63295	0.0124921	0.015996
739.112891	64.999634	32.400089	162.28224	0.0130958	0.0165855
740.702051	64.999634	32.413376	162.94128	0.0136506	0.0170942
742.291113	64.999634	32.404495	163.61256	0.0143275	0.0177348
743.880078	64.999634	32.406338	164.25584	0.0143403	0.0175674
745.468994	64.999634	32.413052	164.89215	0.0153897	0.0186624
747.057764	64.999634	32.420174	165.51723	0.0139118	0.0167209
748.646484	64.999634	32.418934	166.08908	0.0141409	0.0168586
750.235156	64.999634	32.427593	166.65956	0.0131847	0.0155622
751.823682	64.999634	32.419868	167.25116	0.012892	0.0150937
753.412158	64.999634	32.430893	167.87773	0.0125107	0.0145492
755.000537	64.999634	32.425591	168.53047	0.0137148	0.015805
756.588818	64.999634	32.44511	169.19368	0.0131214	0.0150179
758.177002	64.999634	32.45105	169.84784	0.0137958	0.0156657
759.765137	64.999634	32.443359	170.47095	0.0137167	0.0154648
761.353125	64.999634	32.43848	171.10365	0.0134939	0.0151015
762.941064	64.999634	32.453659	171.72955	0.0135238	0.0150353
764.528906	64.999634	32.471066	172.33061	0.0138571	0.0152818
766.116699	64.999634	32.468407	172.94492	0.0136317	0.0149468
767.704346	64.999634	32.474316	173.56728	0.0135551	0.0147555
769.291943	64.999634	32.468632	174.17474	0.0134997	0.0145698
770.879443	64.999634	32.489056	174.78833	0.014081	0.0150981
772.466846	64.999634	32.49649	175.37888	0.0140383	0.0149329
774.054150	64.999634	32.507702	175.96222	0.015044	0.0159041
775.641357	64.999634	32.525436	176.57336	0.0141989	0.0148968
777.228467	64.999634	32.510921	177.15564	0.0142439	0.0148613
778.815527	64.999634	32.511082	177.744	0.0145207	0.0150785
780.402441	64.999634	32.518204	178.36072	0.0150441	0.0155293
781.989307	64.999634	32.533928	178.92372	0.01484	0.0152161
783.576074	64.999634	32.544258	179.51888	0.0145882	0.0149048
785.162744	64.999634	32.558311	180.09195	0.01449	0.014732
786.749316	64.999634	32.558014	180.66194	0.0149906	0.0151885
788.335791	64.999634	32.564598	181.24655	0.0155418	0.015717
789.922168	64.999634	32.571674	181.80527	0.0139872	0.0141072
791.508447	64.999634	32.591953	182.35481	0.0152488	0.0153581
793.094629	64.999634	32.588478	182.94077	0.0157766	0.0158984
794.680762	64.999634	32.615692	183.50523	0.0142714	0.014368
796.266748	64.999634	32.615273	184.07443	0.0155174	0.0156517
797.852637	64.999634	32.620449	184.62643	0.0154276	0.0155632
799.438477	64.999634	32.6222	185.1908	0.0154252	0.0155933
801.024170	64.999634	32.63744	185.71947	0.0157852	0.0159791
802.609814	64.999634	32.647743	186.25893	0.0159488	0.0161992
804.195313	64.999634	32.666439	186.79324	0.016374	0.0166634
805.780762	64.999634	32.678188	187.38286	0.0163607	0.0166983
807.366064	64.999634	32.682575	187.8914	0.0160588	0.016436
808.951318	64.999634	32.694794	188.45062	0.0160733	0.016512
810.536426	64.999634	32.695324	188.9846	0.0161653	0.0166603
812.121484	64.999634	32.733139	189.46484	0.0152548	0.0157425
813.706396	64.999634	32.72049	190.01642	0.0156833	0.0162559
815.291211	64.999634	32.720634	190.56366	0.0168688	0.0175369
816.875977	64.999634	32.760952	191.07793	0.0159492	0.0166368
818.460596	64.999634	32.762669	191.56885	0.0163701	0.017111
820.045117	64.999634	32.774445	192.11533	0.01669	0.0175289
821.629590	64.999634	32.781033	192.65576	0.0166157	0.0175317
823.213867	64.999634	32.780418	193.18878	0.0161005	0.0170625
824.798145	64.999634	32.803825	193.68039	0.0163807	0.0174183
826.382227	64.999634	32.822838	194.19963	0.0168021	0.0179387
827.966211	64.999634	32.841896	194.69038	0.0177589	0.0190504
829.550195	64.999634	32.84214	195.23798	0.017404	0.018785
831.133984	64.999634	32.844387	195.76028	0.0165945	0.0180146
832.717676	64.999634	32.859905	196.26915	0.0166829	0.0182071
834.301270	64.999634	32.867409	196.75308	0.0161527	0.0177362
835.884863	64.999634	32.892139	197.25854	0.0168075	0.0185782
837.468262	64.999634	32.89172	197.74359	0.0175251	0.0194675
839.051563	64.999634	32.897152	198.24815	0.01837	0.0205641
840.634668	64.999634	32.94672	198.68753	0.018097	0.020394
842.217773	64.999634	32.970623	199.15445	0.0188753	0.0213639
843.800781	64.999634	32.970139	199.6942	0.0187636	0.0214315
845.383691	64.999634	32.984863	200.11069	0.0186009	0.0213586
846.966406	64.999634	32.997997	200.61481	0.0182038	0.0211119
848.549121	64.999634	33.013718	201.08415	0.0181786	0.0212283
850.131641	64.999634	33.027992	201.54518	0.0189708	0.0223389
851.714063	64.999634	33.048344	202.00644	0.0193856	0.0229939
853.296484	64.999634	33.060997	202.52278	0.018727	0.0223791
854.878711	64.999634	33.050068	203.03488	0.0179695	0.0216826
856.460840	64.999634	33.077057	203.45953	0.0180511	0.0219216
858.042773	64.999634	33.092445	203.90056	0.0185754	0.0227369
859.624707	64.999634	33.104317	204.38533	0.019007	0.0234471
861.206543	64.999634	33.111938	204.91028	0.018334	0.0227938
862.788184	64.999634	33.130474	205.31131	0.0181436	0.0227178
864.369824	64.999634	33.177486	205.72746	0.018951	0.0238558
865.951270	64.999634	33.191303	206.18082	0.0188455	0.0238697
867.532617	64.999634	33.188637	206.69218	0.0194938	0.0249144
869.113867	64.999634	33.187725	207.1696	0.0194496	0.0250759
870.695020	64.999634	33.213593	207.60706	0.0200054	0.025963
872.275977	64.999634	33.234543	208.10118	0.0194308	0.0254086
873.856934	64.999634	33.250931	208.48492	0.0198045	0.0260382
875.437695	64.999634	33.276272	208.8347	0.0206856	0.0273091
877.018359	64.999634	33.276161	209.39943	0.0207044	0.0275933
878.599023	64.999634	33.295742	209.86389	0.0201117	0.0269936
880.179395	64.999634	33.319214	210.24623	0.0205388	0.0277513
881.759766	64.999634	33.362415	210.56863	0.020732	0.0280775
883.340039	64.999634	33.377205	211.0489	0.0210219	0.0286581
884.920117	64.999634	33.370499	211.548	0.0211943	0.0291542
886.500098	64.999634	33.399399	211.97548	0.0214095	0.0296753
888.079980	64.999634	33.373302	212.40868	0.020753	0.0289631
889.659766	64.999634	33.41069	212.87372	0.0207423	0.0291821
891.239453	64.999634	33.453571	213.22675	0.0212112	0.0299617
892.818945	64.999634	33.438587	213.69601	0.020803	0.0296264
894.398438	64.999634	33.472385	214.01144	0.0223759	0.0320055
895.977734	64.999634	33.515568	214.42198	0.0219579	0.0316137
897.556934	64.999634	33.54269	214.87941	0.0223885	0.0324399
899.135938	64.999634	33.531681	215.33832	0.021714	0.031741
900.714941	64.999634	33.56752	215.53079	0.0210008	0.0307432
902.293750	64.999634	33.587612	215.99008	0.0218128	0.0321715
903.872461	64.999634	33.594925	216.50371	0.0222406	0.0329927
905.451074	64.999634	33.617218	216.80679	0.0209915	0.0313632
907.029590	64.999634	33.62323	217.28342	0.022131	0.033318
908.607910	64.999634	33.673012	217.64864	0.0234403	0.0354434
910.186133	64.999634	33.650661	218.08754	0.0221394	0.0337943
911.764258	64.999634	33.703533	218.43303	0.0235495	0.0361004
913.342285	64.999634	33.708118	218.786	0.0232798	0.0358463
914.920117	64.999634	33.739677	219.15059	0.0245197	0.0379529
916.497852	64.999634	33.74749	219.67268	0.0229443	0.0357318
918.075488	64.999634	33.788433	219.86629	0.0239097	0.037358
919.653027	64.999634	33.799816	220.2563	0.0242413	0.0381282
921.230469	64.999634	33.811787	220.6385	0.0244273	0.038601
922.807715	64.999634	33.852093	220.92429	0.0239491	0.0379921
924.384863	64.999634	33.826931	221.47588	0.0256775	0.0410611
925.961914	64.999634	33.874886	221.75175	0.0261646	0.0420064
927.538770	64.999634	33.888245	222.20563	0.0265718	0.0428905
929.115527	64.999634	33.929047	222.42825	0.0280699	0.0454177
930.692188	64.999634	33.933079	222.86844	0.028087	0.0457034
932.268750	64.999634	33.950684	223.16823	0.0295034	0.0482638
933.845117	64.999634	34.015873	223.33989	0.0318314	0.0520768
935.421387	64.999634	33.998299	223.67137	0.0339052	0.0557717
936.997559	64.999634	33.953434	224.09633	0.037043	0.0612306
938.573535	64.999634	33.997066	224.5027	0.0417625	0.0695892
940.149414	64.999634	34.0196	224.743	0.0483018	0.0806065
941.725195	64.999634	34.101547	224.88391	0.0552543	0.0922988
943.300879	64.999634	34.087669	225.15421	0.0577499	0.096767
944.876367	64.999634	34.064423	226.07716	0.0613824	0.104384
946.451758	64.999634	34.149319	226.06363	0.0622607	0.105457
948.027051	64.999634	34.155464	226.74438	0.0633241	0.108067
949.602148	64.999634	34.169296	227.23059	0.0582865	0.100643
951.177148	64.999634	34.311695	227.31445	0.058379	0.100301
952.752051	64.999634	34.264893	228.30411	0.0530802	0.092457
954.326758	64.999634	34.265999	228.38579	0.0504809	0.0879828
955.901367	64.999634	34.279129	229.15414	0.0469021	0.0824649
957.475879	64.999634	34.350716	229.16306	0.0454477	0.0800987
959.050195	64.999634	34.357487	229.62044	0.0425495	0.0753499
960.624512	64.999634	34.417824	229.73972	0.0408131	0.0721625
962.198535	64.999634	34.440567	230.01019	0.0417958	0.0742082
963.772559	64.999634	34.426094	230.47585	0.0417516	0.0744451
965.346387	64.999634	34.492035	231.11772	0.0402135	0.0723521
966.920020	64.999634	34.489269	231.08275	0.0359555	0.0645962
968.493652	64.999634	34.568115	231.38286	0.0376234	0.0677538
970.066992	64.999634	34.561676	231.70856	0.0391543	0.0707675
971.640332	64.999634	34.638638	231.82135	0.0378993	0.0684773
973.213477	64.999634	34.64341	232.36404	0.0358289	0.065066
974.786523	64.999634	34.625904	232.73409	0.035772	0.0653108
976.359473	64.999634	34.690567	232.53404	0.0364838	0.0662961
977.932227	64.999634	34.674511	233.37512	0.0362951	0.066781
979.504785	64.999634	34.727959	233.67122	0.0359748	0.0663745
981.077344	64.999634	34.754864	233.90759	0.0370182	0.0683864
982.649707	64.999634	34.768696	234.19936	0.0367155	0.0680063
984.221875	64.999634	34.810959	234.40976	0.0367232	0.0681697
985.793945	64.999634	34.803139	234.88599	0.0369078	0.0688543
987.365918	64.999634	34.836563	235.25188	0.0385351	0.0721862
988.937793	64.999634	34.840229	235.60477	0.0369518	0.0694583
990.509375	64.999634	34.92482	235.75911	0.0377223	0.0709358
992.080957	64.999634	34.927029	235.97606	0.0376343	0.0709122
993.652344	64.999634	34.928692	236.38647	0.0378159	0.0714632
995.223633	64.999634	35.02216	236.50941	0.0404927	0.0764198
996.794727	64.999634	35.035503	236.66414	0.03878	0.0733477
998.365723	64.999634	35.05127	237.08772	0.0384211	0.0729875
999.936523	64.999634	35.069397	237.43797	0.0417731	0.0796059
1012.422852	64.999634	35.468903	240.02818	0.0215618	0.0418292
1015.876367	64.999634	35.546669	240.77065	0.0217433	0.0424256
1019.329297	64.999634	35.594555	241.26726	0.0178877	0.0350078
1022.781836	64.999634	35.67894	241.77043	0.0174062	0.034173
1026.233691	64.999634	35.720348	242.43694	0.0154848	0.0305232
1029.685059	64.999634	35.808277	242.82622	0.0146555	0.0289443
1033.135938	64.999634	35.844009	243.56786	0.0143132	0.0284078
1036.586230	64.999634	35.940578	244.15744	0.0134841	0.0268368
1040.036035	64.999634	35.977612	244.54213	0.0116421	0.0232301
1043.485352	64.999634	36.088547	245.0589	0.0117606	0.0235105
1046.934082	64.999634	36.124359	245.63722	0.0112955	0.0226625
1050.382324	64.999634	36.232319	246.07664	0.0101484	0.0203686
1053.830078	64.999634	36.296463	246.48167	0.0102236	0.0205735
1057.277344	64.999634	36.380917	247.0569	0.00974923	0.0196603
1060.724121	64.999634	36.452164	247.60866	0.00989027	0.0199969
1064.170410	64.999634	36.542004	247.93718	0.00921689	0.0186338
1067.616113	64.999634	36.642193	248.48181	0.00883867	0.0179096
1071.061426	64.999634	36.714085	248.92078	0.00938882	0.0190475
1074.506250	64.999634	36.816452	249.40317	0.0087281	0.017733
1077.950586	64.999634	36.895397	249.90294	0.00909558	0.0185
1081.394434	64.999634	36.980637	250.29649	0.0087879	0.0178918
1084.837891	64.999634	37.063362	250.7897	0.00907611	0.0185055
1088.280762	64.999634	37.176537	251.19884	0.00894463	0.0182471
1091.723242	64.999634	37.262474	251.4892	0.00880047	0.0179519
1095.165332	64.999634	37.370342	251.98457	0.00943866	0.0192709
1098.606836	64.999634	37.460396	252.35109	0.00865837	0.0176809
600.574756	69.999718	34.788918	80.635017	0.0108788	0.0237823
602.169873	69.999718	34.633339	81.336456	0.0106861	0.0234579
603.764990	69.999718	34.472988	82.162788	0.0105558	0.0232762
605.360010	69.999718	34.32893	82.96344	0.0109616	0.0242723
606.954980	69.999718	34.194714	83.761162	0.0106595	0.0236989
608.549902	69.999718	34.041496	84.619453	0.0104002	0.0232291
610.144775	69.999718	33.913479	85.408417	0.0107789	0.0241665
611.739600	69.999718	33.780392	86.266563	0.0107989	0.0243053
613.334375	69.999718	33.656464	87.026405	0.0108609	0.0245276
614.929053	69.999718	33.523914	87.885262	0.0104394	0.0236585
616.523730	69.999718	33.402649	88.707275	0.0105043	0.0238902
618.118311	69.999718	33.284046	89.571457	0.0104857	0.0239176
619.712842	69.999718	33.174854	90.454239	0.0105607	0.0241586
621.307275	69.999718	33.062637	91.257179	0.0107403	0.0246291
622.901709	69.999718	32.940552	92.151154	0.0103524	0.0238146
624.496045	69.999718	32.842484	93.072563	0.0106048	0.0244343
626.090381	69.999718	32.711384	93.825211	0.010758	0.0248674
627.684570	69.999718	32.626045	94.713692	0.0102229	0.0236616
629.278760	69.999718	32.530418	95.596039	0.0101138	0.0234572
630.872900	69.999718	32.415615	96.502357	0.0105559	0.0245372
632.466943	69.999718	32.321461	97.370651	0.0108936	0.0253487
634.060938	69.999718	32.231941	98.227554	0.0101441	0.0236407
635.654883	69.999718	32.130009	99.178085	0.0101569	0.0237038
637.248730	69.999718	32.034454	100.00389	0.0107914	0.0252094
638.842529	69.999718	31.934742	100.9313	0.0103821	0.024278
640.436279	69.999718	31.852453	101.80925	0.0109933	0.0257134
642.029980	69.999718	31.789377	102.77177	0.0105256	0.0245979
643.623584	69.999718	31.679708	103.55608	0.0104592	0.0244629
645.217139	69.999718	31.582563	104.44419	0.0107479	0.0251418
646.810645	69.999718	31.498432	105.41785	0.0102096	0.0238642
648.404053	69.999718	31.431129	106.25763	0.0102352	0.0238914
649.997412	69.999718	31.350939	107.26825	0.0106118	0.0247271
651.590723	69.999718	31.262548	108.08607	0.0107294	0.0249798
653.183984	69.999718	31.17597	109.03499	0.0109371	0.025439
654.777148	69.999718	31.116032	110.12386	0.0103572	0.0240081
656.370264	69.999718	31.031109	111.16258	0.00844338	0.0195143
657.963281	69.999718	30.981697	111.965	0.00946466	0.0218283
659.556250	69.999718	30.883907	112.6016	0.00967001	0.0222889
661.149170	69.999718	30.808157	113.54807	0.010403	0.0239021
662.741992	69.999718	30.735561	114.44287	0.0110757	0.0253708
664.334766	69.999718	30.680721	115.44503	0.0110641	0.0252426
665.927490	69.999718	30.592648	116.32439	0.0110873	0.0252087
667.520117	69.999718	30.535437	117.27617	0.0110334	0.0249851
669.112695	69.999718	30.475668	118.24275	0.0106365	0.0239549
670.705176	69.999718	30.397156	119.06666	0.0107442	0.0241188
672.297607	69.999718	30.326414	120.03145	0.0109913	0.0245448
673.889990	69.999718	30.275202	120.97034	0.0111613	0.0247875
675.482275	69.999718	30.218779	121.93178	0.010952	0.0241743
677.074512	69.999718	30.159958	122.85409	0.0115672	0.0253676
678.666650	69.999718	30.07996	123.74288	0.0111889	0.0244246
680.258740	69.999718	30.032335	124.69868	0.0112554	0.0244135
681.850732	69.999718	29.981516	125.57915	0.0110906	0.0238967
683.442676	69.999718	29.920038	126.564	0.0112613	0.024084
685.034521	69.999718	29.872303	127.51427	0.011389	0.0241922
686.626318	69.999718	29.822859	128.46321	0.0112958	0.0238103
688.218066	69.999718	29.763624	129.37871	0.0110909	0.0232035
689.809717	69.999718	29.698051	130.25471	0.0112683	0.0233857
691.401270	69.999718	29.652676	131.20963	0.0108852	0.0224135
692.992773	69.999718	29.609236	132.119	0.0118195	0.0241235
694.584229	69.999718	29.558697	133.063	0.0116876	0.0236223
696.175586	69.999718	29.515772	134.01765	0.0118095	0.0236419
697.766846	69.999718	29.456535	134.93047	0.0116984	0.0232071
699.358057	69.999718	29.423376	135.88751	0.0119	0.0233482
700.949170	69.999718	29.371681	136.77711	0.0115084	0.0223679
702.540234	69.999718	29.329201	137.70195	0.011731	0.0225456
704.131201	69.999718	29.285362	138.61464	0.0115545	0.0219655
705.722119	69.999718	29.235605	139.58202	0.0122641	0.0230545
707.312939	69.999718	29.20459	140.50862	0.0117825	0.0218741
708.903711	69.999718	29.170511	141.4216	0.0121497	0.0223287
710.494385	69.999718	29.135487	142.35551	0.0121899	0.0221242
712.084961	69.999718	29.105141	143.26202	0.0127484	0.0228876
713.675488	69.999718	29.064985	144.20197	0.012126	0.021518
715.265918	69.999718	29.021757	145.1006	0.0119883	0.0210306
716.856299	69.999718	28.998569	146.0443	0.0121838	0.0211115
718.446582	69.999718	28.959965	146.96046	0.0125681	0.0215087
720.036768	69.999718	28.932926	147.86195	0.0129363	0.0218999
721.626904	69.999718	28.91782	148.83997	0.0133362	0.0222723
723.216943	69.999718	28.875399	149.70164	0.0123044	0.0202916
724.806885	69.999718	28.852791	150.61935	0.0132098	0.0215124
726.396777	69.999718	28.830803	151.53453	0.0129141	0.0207505
727.986572	69.999718	28.816	152.45825	0.0125206	0.0198432
729.576318	69.999718	28.785334	153.38893	0.0131175	0.0204908
731.165967	69.999718	28.756031	154.27249	0.0133002	0.0204862
732.755518	69.999718	28.72547	155.17705	0.0126754	0.0192572
734.344971	69.999718	28.714729	156.06656	0.0135703	0.0203048
735.934375	69.999718	28.713495	156.97746	0.0132583	0.0195354
737.523682	69.999718	28.681889	157.84566	0.0134918	0.0196121
739.112891	69.999718	28.670601	158.73058	0.0140626	0.0201331
740.702051	69.999718	28.670214	159.63054	0.0141909	0.0200232
742.291113	69.999718	28.641375	160.54634	0.0147451	0.020499
743.880078	69.999718	28.628069	161.42516	0.0154395	0.0211817
745.468994	69.999718	28.62142	162.29688	0.0154977	0.0209633
747.057764	69.999718	28.617264	163.15543	0.0150889	0.0201368
748.646484	69.999718	28.603024	163.93927	0.0143241	0.0189043
750.235156	69.999718	28.602924	164.72363	0.0139774	0.0182206
751.823682	69.999718	28.581169	165.53476	0.0137593	0.0177634
753.412158	69.999718	28.584282	166.3972	0.0147893	0.0188459
755.000537	69.999718	28.566154	167.2952	0.0142706	0.017997
756.588818	69.999718	28.581871	168.20984	0.0145964	0.0182105
758.177002	69.999718	28.579357	169.11295	0.0141473	0.0174613
759.765137	69.999718	28.561125	169.97256	0.0142042	0.017361
761.353125	69.999718	28.546942	170.84587	0.0151881	0.0183951
762.941064	69.999718	28.560118	171.71188	0.0144498	0.0173218
764.528906	69.999718	28.576826	172.54347	0.014243	0.0169248
766.116699	69.999718	28.568367	173.39134	0.0141929	0.0167281
767.704346	69.999718	28.571072	174.25305	0.0146972	0.0171896
769.291943	69.999718	28.559656	175.09479	0.0150499	0.0174387
770.879443	69.999718	28.58341	175.9437	0.0149054	0.0171429
772.466846	69.999718	28.590406	176.76222	0.0151973	0.0173367
774.054150	69.999718	28.603361	177.56844	0.0149048	0.0168891
775.641357	69.999718	28.625652	178.41547	0.015503	0.0174471
777.228467	69.999718	28.606571	179.22125	0.0150619	0.0168692
778.815527	69.999718	28.607113	180.03442	0.0150973	0.0168457
780.402441	69.999718	28.61738	180.88931	0.0155218	0.0172511
781.989307	69.999718	28.639339	181.6685	0.0157135	0.0173882
783.576074	69.999718	28.654898	182.49156	0.0161709	0.0178587
785.162744	69.999718	28.676414	183.28444	0.0160273	0.017662
786.749316	69.999718	28.679575	184.07375	0.016446	0.0181241
788.335791	69.999718	28.692825	184.88052	0.0157889	0.0174214
789.922168	69.999718	28.706114	185.65254	0.0157288	0.0173776
791.508447	69.999718	28.737595	186.41058	0.0159929	0.0177115
793.094629	69.999718	28.739487	187.21861	0.0160894	0.0179217
794.680762	69.999718	28.781191	187.99605	0.0166361	0.0185951
796.266748	69.999718	28.788109	188.78004	0.0167047	0.0187852
797.852637	69.999718	28.802538	189.54166	0.0170509	0.0192734
799.438477	69.999718	28.812706	190.31757	0.0164489	0.0187367
801.024170	69.999718	28.840927	191.04391	0.0164674	0.0188604
802.609814	69.999718	28.863754	191.78305	0.0173197	0.0200041
804.195313	69.999718	28.896803	192.51675	0.0180553	0.0209996
805.780762	69.999718	28.923029	193.32475	0.0183645	0.0215653
807.366064	69.999718	28.939262	194.02072	0.0169921	0.0200974
808.951318	69.999718	28.966011	194.78542	0.0174612	0.0208651
810.536426	69.999718	28.978842	195.51501	0.0162662	0.0196006
812.121484	69.999718	29.038174	196.16795	0.0169121	0.0205094
813.706396	69.999718	29.034204	196.92175	0.0171101	0.0209489
815.291211	69.999718	29.047838	197.66762	0.0174603	0.0215833
816.875977	69.999718	29.112782	198.36406	0.0170406	0.0212289
818.460596	69.999718	29.12822	199.03041	0.0176079	0.0221196
820.045117	69.999718	29.157757	199.7706	0.0173067	0.0219719
821.629590	69.999718	29.181053	200.50511	0.0174242	0.0223443
823.213867	69.999718	29.195715	201.22812	0.0173408	0.0224655
824.798145	69.999718	29.240147	201.88972	0.0180767	0.0235931
826.382227	69.999718	29.28017	202.59056	0.0180846	0.0238185
827.966211	69.999718	29.319916	203.24797	0.017772	0.0236294
829.550195	69.999718	29.337542	203.98518	0.0184274	0.0247929
831.133984	69.999718	29.357647	204.68797	0.0185774	0.0252536
832.717676	69.999718	29.394461	205.36975	0.018035	0.024758
834.301270	69.999718	29.42021	206.01697	0.0188646	0.0261484
835.884863	69.999718	29.469778	206.68961	0.0190601	0.0267101
837.468262	69.999718	29.48708	207.33783	0.0185735	0.0263118
839.051563	69.999718	29.511648	208.01289	0.0177362	0.0253943
840.634668	69.999718	29.591429	208.58896	0.019244	0.027736
842.217773	69.999718	29.638508	209.20723	0.0192559	0.0280412
843.800781	69.999718	29.658787	209.92369	0.0186483	0.0274594
845.383691	69.999718	29.693928	210.47403	0.0188136	0.0279379
846.966406	69.999718	29.730633	211.13928	0.0194914	0.029245
848.549121	69.999718	29.768856	211.75789	0.0194367	0.0294757
850.131641	69.999718	29.805756	212.36475	0.0187898	0.0287416
851.714063	69.999718	29.851067	212.96706	0.0189576	0.0292569
853.296484	69.999718	29.888802	213.64317	0.0199013	0.0310874
854.878711	69.999718	29.896412	214.31903	0.019191	0.0302982
856.460840	69.999718	29.94899	214.86847	0.0186333	0.0296738
858.042773	69.999718	29.98715	215.44395	0.0192189	0.0308511
859.624707	69.999718	30.023653	216.0748	0.018928	0.0306645
861.206543	69.999718	30.05727	216.75735	0.0188457	0.0308996
862.788184	69.999718	30.098194	217.27431	0.0190452	0.0314008
864.369824	69.999718	30.176445	217.80539	0.0200702	0.0333212
865.951270	69.999718	30.214441	218.3912	0.0195326	0.0327025
867.532617	69.999718	30.235031	219.0518	0.0202293	0.0342156
869.113867	69.999718	30.25679	219.66791	0.0191429	0.0326307
870.695020	69.999718	30.309452	220.22998	0.0205216	0.0352588
872.275977	69.999718	30.359661	220.85905	0.0201426	0.0348964
873.856934	69.999718	30.398554	221.34737	0.0212673	0.0370493
875.437695	69.999718	30.446772	221.79031	0.0209072	0.0365813
877.018359	69.999718	30.474545	222.51239	0.0211749	0.0374696
878.599023	69.999718	30.522247	223.10062	0.0211058	0.0375923
880.179395	69.999718	30.56986	223.58142	0.0206667	0.0369525
881.759766	69.999718	30.639935	223.98389	0.0226915	0.040802
883.340039	69.999718	30.682167	224.58858	0.0199085	0.0360322
884.920117	69.999718	30.699495	225.22346	0.0211628	0.0386874
886.500098	69.999718	30.757263	225.75563	0.0216137	0.0396696
888.079980	69.999718	30.747894	226.30779	0.0232272	0.0429607
889.659766	69.999718	30.817568	226.88344	0.0211777	0.0393969
891.239453	69.999718	30.88903	227.31693	0.0219156	0.0410071
892.818945	69.999718	30.895004	227.91084	0.0218013	0.0410849
894.398438	69.999718	30.953032	228.29701	0.0218426	0.0413186
895.977734	69.999718	31.026957	228.80057	0.0217741	0.0413909
897.556934	69.999718	31.08552	229.3631	0.0215145	0.0411689
899.135938	69.999718	31.096867	229.93564	0.0214836	0.0413496
900.714941	69.999718	31.150158	230.16808	0.0214326	0.0413757
902.293750	69.999718	31.199369	230.73154	0.0220778	0.0428178
903.872461	69.999718	31.236919	231.36414	0.0227012	0.0444243
905.451074	69.999718	31.279644	231.7327	0.0214199	0.0420055
907.029590	69.999718	31.313704	232.31905	0.0229928	0.0453481
908.607910	69.999718	31.393368	232.75351	0.0236164	0.0467678
910.186133	69.999718	31.391607	233.30022	0.0229866	0.0457301
911.764258	69.999718	31.473932	233.70966	0.0224442	0.0448342
913.342285	69.999718	31.499289	234.13817	0.0231087	0.0463117
914.920117	69.999718	31.557247	234.5782	0.0239085	0.0481168
916.497852	69.999718	31.596214	235.2093	0.0245189	0.0497347
918.075488	69.999718	31.655367	235.43512	0.0225201	0.0456385
919.653027	69.999718	31.690899	235.90616	0.0246479	0.0501867
921.230469	69.999718	31.728052	236.36446	0.0245204	0.0500857
922.807715	69.999718	31.791349	236.70041	0.0248558	0.0508903
924.384863	69.999718	31.793221	237.36943	0.0254182	0.0524247
925.961914	69.999718	31.865341	237.68913	0.0245991	0.0507554
927.538770	69.999718	31.90761	238.23279	0.0274116	0.0569499
929.115527	69.999718	31.967943	238.48889	0.0283089	0.0588175
930.692188	69.999718	31.997692	239.01575	0.0275694	0.0575295
932.268750	69.999718	32.036888	239.3687	0.0287299	0.0600793
933.845117	69.999718	32.122929	239.55478	0.0311812	0.0651493
935.421387	69.999718	32.120007	239.95547	0.0341144	0.0716031
936.997559	69.999718	32.093197	240.4711	0.0378787	0.0798711
938.573535	69.999718	32.168816	240.94371	0.0405238	0.0856707
940.149414	69.999718	32.207493	241.22002	0.0475619	0.100655
941.725195	69.999718	32.312363	241.37051	0.0514234	0.108715
943.300879	69.999718	32.310558	241.6978	0.0593963	0.125764
944.876367	69.999718	32.337128	242.7915	0.0636203	0.135998
946.451758	69.999718	32.43491	242.7462	0.0617276	0.13139
948.027051	69.999718	32.481834	243.5459	0.0572716	0.123014
949.602148	69.999718	32.526684	244.11119	0.0589146	0.126569
951.177148	69.999718	32.697388	244.1713	0.0578163	0.124159
952.752051	69.999718	32.699078	245.33	0.0520839	0.112688
954.326758	69.999718	32.705345	245.42972	0.0493241	0.106992
955.901367	69.999718	32.765411	246.31215	0.0492131	0.107155
957.475879	69.999718	32.845879	246.30957	0.0454897	0.0986966
959.050195	69.999718	32.881748	246.83345	0.0445052	0.096966
960.624512	69.999718	32.956467	246.95425	0.04044	0.088106
962.198535	69.999718	33.000137	247.25764	0.0403031	0.0878805
963.772559	69.999718	33.009617	247.79657	0.039878	0.0873871
965.346387	69.999718	33.123463	248.51659	0.0410622	0.0899718
966.920020	69.999718	33.117825	248.47874	0.0374184	0.082003
968.493652	69.999718	33.225456	248.79332	0.038404	0.084196
970.066992	69.999718	33.236271	249.16956	0.0367628	0.080713
971.640332	69.999718	33.329868	249.27766	0.037505	0.0822278
973.213477	69.999718	33.367271	249.89059	0.0385188	0.0847433
974.786523	69.999718	33.368382	250.32028	0.0359266	0.0792527
976.359473	69.999718	33.429451	250.07642	0.0355737	0.0782159
977.932227	69.999718	33.459187	251.02948	0.0357769	0.0791379
979.504785	69.999718	33.536884	251.35098	0.0357655	0.0789632
981.077344	69.999718	33.580708	251.61133	0.0354693	0.0784747
982.649707	69.999718	33.613541	251.93509	0.0355314	0.0787077
984.221875	69.999718	33.672813	252.15927	0.0352268	0.0778384
985.793945	69.999718	33.69207	252.69354	0.0370783	0.0821511
987.365918	69.999718	33.752316	253.0975	0.0362375	0.0804679
988.937793	69.999718	33.77541	253.48946	0.0360752	0.0802056
990.509375	69.999718	33.878281	253.64015	0.0376945	0.0836166
992.080957	69.999718	33.894169	253.87921	0.0375056	0.0831599
993.652344	69.999718	33.918686	254.33504	0.0396099	0.0881342
995.223633	69.999718	34.028606	254.44771	0.036685	0.0813954
996.794727	69.999718	34.052498	254.6158	0.0382819	0.0848299
998.365723	69.999718	34.09404	255.08006	0.0389968	0.0865734
999.936523	69.999718	34.134331	255.46507	0.0399353	0.0888554
1012.422852	69.999718	34.715767	258.20477	0.0204176	0.0452523
1015.876367	69.999718	34.841751	258.98584	0.0203457	0.0450594
1019.329297	69.999718	34.921989	259.51389	0.0174738	0.0386738
1022.781836	69.999718	35.040672	260.03516	0.0166801	0.0368964
1026.233691	69.999718	35.122784	260.74152	0.0154258	0.0341378
1029.685059	69.999718	35.23756	261.13824	0.0137904	0.0304612
1033.135938	69.999718	35.317795	261.91934	0.0136744	0.0302107
1036.586230	69.999718	35.453293	262.5249	0.0133431	0.0294263
1040.036035	69.999718	35.513763	262.92523	0.0116903	0.0257748
1043.485352	69.999718	35.659294	263.4447	0.0113866	0.0250472
1046.934082	69.999718	35.729156	264.04715	0.0107975	0.0237386
1050.382324	69.999718	35.866631	264.48364	0.0102854	0.0225704
1053.830078	69.999718	35.95652	264.89554	0.00981206	0.021502
1057.277344	69.999718	36.075813	265.47711	0.0093523	0.0204556
1060.724121	69.999718	36.180687	266.03601	0.00933571	0.0203887
1064.170410	69.999718	36.292057	266.35928	0.00869494	0.0189561
1067.616113	69.999718	36.426075	266.90103	0.00874772	0.0190309
1071.061426	69.999718	36.524059	267.34018	0.00916306	0.019897
1074.506250	69.999718	36.655869	267.81631	0.00867374	0.0187923
1077.950586	69.999718	36.764076	268.31271	0.00867121	0.0187548
1081.394434	69.999718	36.872444	268.69873	0.009167	0.0197859
1084.837891	69.999718	36.984646	269.18692	0.00861731	0.0185649
1088.280762	69.999718	37.12196	269.58014	0.00887285	0.0190692
1091.723242	69.999718	37.224899	269.85806	0.00902151	0.0193483
1095.165332	69.999718	37.361744	-89.660362	0.00891416	0.0190745
1098.606836	69.999718	37.473503	-89.306381	0.00880687	0.0188021
600.574756	74.999962	35.522537	62.829407	0.0104883	0.0214487
602.169873	74.999962	35.351818	63.438469	0.0101479	0.0208583
603.764990	74.999962	35.169304	64.161972	0.00994739	0.0205698
605.360010	74.999962	35.000916	64.866653	0.00959048	0.0199425
606.954980	74.999962	34.839996	65.572998	0.0102253	0.0213826
608.549902	74.999962	34.656502	66.332626	0.0103414	0.0217577
610.144775	74.999962	34.498009	67.035896	0.00995424	0.0210649
611.739600	74.999962	34.32943	67.805168	0.00995933	0.0212091
613.334375	74.999962	34.173325	68.485962	0.0109533	0.0234592
614.929053	74.999962	34.001431	69.260864	0.0099538	0.021455
616.523730	74.999962	33.840908	70.005638	0.0102441	0.0222226
618.118311	74.999962	33.678654	70.794029	0.0101612	0.0221717
619.712842	74.999962	33.522663	71.606209	0.0104431	0.0229347
621.307275	74.999962	33.366982	72.343842	0.0102725	0.022702
622.901709	74.999962	33.194336	73.1688	0.00976313	0.0217205
624.496045	74.999962	33.041721	74.031212	0.0101356	0.0226898
626.090381	74.999962	32.866169	74.721985	0.0103041	0.0232079
627.684570	74.999962	32.725159	75.563042	0.0104061	0.02359
629.278760	74.999962	32.572918	76.398392	0.0105712	0.0241071
630.872900	74.999962	32.398331	77.255142	0.0102959	0.0236407
632.466943	74.999962	32.245453	78.084297	0.0105917	0.024469
634.060938	74.999962	32.096718	78.908066	0.0100631	0.0234115
635.654883	74.999962	31.927116	79.825348	0.0105208	0.0246254
637.248730	74.999962	31.77173	80.622368	0.010238	0.024119
638.842529	74.999962	31.602985	81.525955	0.0106124	0.0251588
640.436279	74.999962	31.454388	82.389259	0.0100798	0.024053
642.029980	74.999962	31.317709	83.352249	0.0104573	0.0250956
643.623584	74.999962	31.145895	84.116623	0.0105919	0.0255728
645.217139	74.999962	30.977444	84.997086	0.0104277	0.0253327
646.810645	74.999962	30.813972	85.977989	0.0101561	0.0248286
648.404053	74.999962	30.677759	86.829399	0.0103887	0.0255116
649.997412	74.999962	30.51292	87.862068	0.0103342	0.0255253
651.590723	74.999962	30.354189	88.691063	0.0107626	0.0267295
653.183984	74.999962	30.185358	89.665894	0.0105125	0.0262732
654.777148	74.999962	30.031763	90.808434	0.00964135	0.0242038
656.370264	74.999962	29.854382	91.8927	0.00937709	0.023665
657.963281	74.999962	29.734041	92.744408	0.00837946	0.0212238
659.556250	74.999962	29.575405	93.395149	0.0099448	0.0253186
661.149170	74.999962	29.412527	94.400436	0.010322	0.0264202
662.741992	74.999962	29.256596	95.354897	0.0102699	0.026412
664.334766	74.999962	29.109722	96.445236	0.0105272	0.0271786
665.927490	74.999962	28.936535	97.387123	0.0108538	0.0281703
667.520117	74.999962	28.789696	98.432632	0.010162	0.0264329
669.112695	74.999962	28.637844	99.500252	0.0108405	0.0283142
670.705176	74.999962	28.478008	100.40077	0.0106414	0.0278848
672.297607	74.999962	28.312675	101.47392	0.0108923	0.0286347
673.889990	74.999962	28.170773	102.53413	0.0113375	0.0298635
675.482275	74.999962	28.020437	103.62488	0.0110561	0.0291735
677.074512	74.999962	27.87075	104.67569	0.0111436	0.0294628
678.666650	74.999962	27.699469	105.68143	0.010884	0.0288319
680.258740	74.999962	27.558172	106.79168	0.0106926	0.0283294
681.850732	74.999962	27.420021	107.8164	0.0112164	0.0297313
683.442676	74.999962	27.259262	108.96906	0.0110277	0.0292213
685.034521	74.999962	27.117785	110.09555	0.0108106	0.0286122
686.626318	74.999962	26.973612	111.22596	0.0110139	0.0291306
688.218066	74.999962	26.821581	112.31788	0.0109943	0.0290533
689.809717	74.999962	26.665632	113.36387	0.0108545	0.0286817
691.401270	74.999962	26.525517	114.52702	0.0109838	0.0289375
692.992773	74.999962	26.391941	115.64133	0.0115775	0.0304117
694.584229	74.999962	26.247147	116.80364	0.0113568	0.0297394
696.175586	74.999962	26.110462	117.992	0.0111607	0.0291227
697.766846	74.999962	25.958096	119.12437	0.0113386	0.0294534
699.358057	74.999962	25.833683	120.33743	0.0113818	0.0294049
700.949170	74.999962	25.6933	121.45948	0.011726	0.0301333
702.540234	74.999962	25.560923	122.64015	0.0118397	0.0302686
704.131201	74.999962	25.428825	123.81204	0.0120474	0.0305618
705.722119	74.999962	25.284967	125.06197	0.012139	0.0306008
707.312939	74.999962	25.1682	126.27493	0.0120495	0.0301187
708.903711	74.999962	25.049753	127.47659	0.0118389	0.02932
710.494385	74.999962	24.928728	128.71255	0.0120505	0.0295815
712.084961	74.999962	24.817276	129.92229	0.0121369	0.0294719
713.675488	74.999962	24.691471	131.18057	0.0127648	0.0306878
715.265918	74.999962	24.566437	132.38759	0.0126401	0.0300807
716.856299	74.999962	24.463497	133.67543	0.0130691	0.0307251
718.446582	74.999962	24.344549	134.92474	0.0130079	0.0302187
720.036768	74.999962	24.24264	136.16638	0.0129269	0.0296402
721.626904	74.999962	24.15155	137.53036	0.0127943	0.0288945
723.216943	74.999962	24.035572	138.72192	0.0136445	0.0304446
724.806885	74.999962	23.942036	140.01068	0.0128071	0.0281375
726.396777	74.999962	23.850958	141.30244	0.0133509	0.0288841
727.986572	74.999962	23.770041	142.61729	0.0133216	0.0283541
729.576318	74.999962	23.670382	143.94254	0.0134209	0.028073
731.165967	74.999962	23.57692	145.2058	0.0136806	0.0281548
732.755518	74.999962	23.481852	146.50664	0.0144528	0.029206
734.344971	74.999962	23.415604	147.79906	0.0138752	0.0275286
735.934375	74.999962	23.362099	149.13251	0.0144204	0.0280357
737.523682	74.999962	23.273628	150.39676	0.0141202	0.0269385
739.112891	74.999962	23.211981	151.69936	0.0144759	0.027087
740.702051	74.999962	23.166149	153.03247	0.0158301	0.0289832
742.291113	74.999962	23.084517	154.38603	0.0161929	0.0290675
743.880078	74.999962	23.027142	155.69286	0.0167134	0.0294069
745.468994	74.999962	22.980198	156.99634	0.0166815	0.0287318
747.057764	74.999962	22.940159	158.28648	0.0161791	0.0273509
748.646484	74.999962	22.890787	159.46281	0.0150913	0.0250412
750.235156	74.999962	22.862318	160.64745	0.0155607	0.0253519
751.823682	74.999962	22.805862	161.86864	0.0155731	0.0249396
753.412158	74.999962	22.782808	163.17717	0.015365	0.0241464
755.000537	74.999962	22.73284	164.53879	0.0149306	0.0230307
756.588818	74.999962	22.73028	165.93425	0.0157074	0.0237879
758.177002	74.999962	22.704988	167.31305	0.0160626	0.0239085
759.765137	74.999962	22.663313	168.6252	0.0158224	0.0231947
761.353125	74.999962	22.628792	169.96068	0.0156726	0.0226673
762.941064	74.999962	22.633183	171.2903	0.0159786	0.0227655
764.528906	74.999962	22.64463	172.5675	0.0164452	0.0231437
766.116699	74.999962	22.625467	173.8669	0.0167254	0.0232779
767.704346	74.999962	22.622494	175.19162	0.0161435	0.0222221
769.291943	74.999962	22.603558	176.48682	0.01733	0.0236006
770.879443	74.999962	22.633696	177.79089	0.0173643	0.0234924
772.466846	74.999962	22.643341	179.05006	0.0169083	0.0226963
774.054150	74.999962	22.66329	180.28654	0.0177538	0.0237069
775.641357	74.999962	22.698153	181.58733	0.0169971	0.0225968
777.228467	74.999962	22.680399	182.82483	0.0177778	0.0236266
778.815527	74.999962	22.690435	184.07028	0.0178397	0.0237613
780.402441	74.999962	22.715952	185.38098	0.0173926	0.0232124
781.989307	74.999962	22.757666	186.57138	0.0182521	0.0243893
783.576074	74.999962	22.793625	187.82706	0.0181404	0.0244112
785.162744	74.999962	22.839403	189.03445	0.0177037	0.0239548
786.749316	74.999962	22.862673	190.23785	0.0182508	0.0249185
788.335791	74.999962	22.901917	191.46097	0.018296	0.0252685
789.922168	74.999962	22.941051	192.63069	0.0174901	0.0244232
791.508447	74.999962	23.005808	193.77242	0.0186322	0.0262844
793.094629	74.999962	23.035656	194.99179	0.0182062	0.0261331
794.680762	74.999962	23.117699	196.1543	0.0184147	0.0267625
796.266748	74.999962	23.156834	197.33031	0.0187437	0.0277005
797.852637	74.999962	23.206493	198.47049	0.0180541	0.0271154
799.438477	74.999962	23.252134	199.62697	0.0177348	0.0270709
801.024170	74.999962	23.321182	200.7023	0.0177352	0.0275108
802.609814	74.999962	23.385466	201.79234	0.0190423	0.0300473
804.195313	74.999962	23.463058	202.87163	0.019752	0.0316238
805.780762	74.999962	23.537533	204.05687	0.0200377	0.0327029
807.366064	74.999962	23.59532	205.07507	0.0203153	0.0336203
808.951318	74.999962	23.670393	206.18831	0.0183688	0.0309176
810.536426	74.999962	23.72817	207.24945	0.0196999	0.0337609
812.121484	74.999962	23.841425	208.18034	0.0182084	0.0315543
813.706396	74.999962	23.88019	209.27588	0.0189052	0.0333525
815.291211	74.999962	23.942999	210.34933	0.018296	0.0328355
816.875977	74.999962	24.06922	211.3288	0.0180508	0.0327341
818.460596	74.999962	24.131636	212.27774	0.0194221	0.0357472
820.045117	74.999962	24.216932	213.32364	0.0184401	0.0344533
821.629590	74.999962	24.295233	214.36295	0.0196085	0.0371549
823.213867	74.999962	24.363113	215.38324	0.0186883	0.0359306
824.798145	74.999962	24.464886	216.29875	0.0190932	0.0371671
826.382227	74.999962	24.564695	217.26994	0.018951	0.0372846
827.966211	74.999962	24.661682	218.17149	0.0183936	0.0366589
829.550195	74.999962	24.737221	219.19189	0.0189121	0.0382114
831.133984	74.999962	24.81452	220.15985	0.0188282	0.0385478
832.717676	74.999962	24.911646	221.08725	0.0197055	0.0408566
834.301270	74.999962	24.992485	221.96658	0.0193668	0.0406077
835.884863	74.999962	25.106262	222.86613	0.0197108	0.0416773
837.468262	74.999962	25.17869	223.743	0.0189485	0.04056
839.051563	74.999962	25.261711	224.65288	0.0202337	0.0437386
840.634668	74.999962	25.406549	225.39427	0.0205189	0.0446516
842.217773	74.999962	25.513344	226.20787	0.0201637	0.0442636
843.800781	74.999962	25.596369	227.15984	0.0196366	0.0436292
845.383691	74.999962	25.684689	227.87981	0.0191011	0.0427674
846.966406	74.999962	25.784454	228.74854	0.0197534	0.0445882
848.549121	74.999962	25.881941	229.5522	0.0195604	0.0444503
850.131641	74.999962	25.977665	230.33723	0.0204318	0.046796
851.714063	74.999962	26.083752	231.10576	0.0191569	0.0441683
853.296484	74.999962	26.186684	231.97249	0.0182108	0.0423323
854.878711	74.999962	26.252937	232.8519	0.0184632	0.0432868
856.460840	74.999962	26.363585	233.53769	0.0186586	0.0439525
858.042773	74.999962	26.458635	234.26532	0.0189113	0.044772
859.624707	74.999962	26.557058	235.06017	0.0205019	0.0488447
861.206543	74.999962	26.656975	235.91856	0.019626	0.0470693
862.788184	74.999962	26.750353	236.5578	0.020186	0.048627
864.369824	74.999962	26.89057	237.19547	0.0207183	0.0499767
865.951270	74.999962	26.986816	237.92041	0.0196765	0.0477118
867.532617	74.999962	27.068947	238.74207	0.0190076	0.0463677
869.113867	74.999962	27.14909	239.50458	0.0205106	0.0502979
870.695020	74.999962	27.260782	240.18629	0.0197912	0.048682
872.275977	74.999962	27.375683	240.94325	0.0192974	0.0476217
873.856934	74.999962	27.464413	241.52956	0.0209164	0.0517692
875.437695	74.999962	27.559917	242.05441	0.0207755	0.0515582
877.018359	74.999962	27.656235	242.9299	0.0229366	0.0571264
878.599023	74.999962	27.764368	243.6277	0.0210648	0.0526286
880.179395	74.999962	27.861853	244.19131	0.0217779	0.0545385
881.759766	74.999962	27.979773	244.64995	0.0214259	0.0536676
883.340039	74.999962	28.081745	245.36191	0.021713	0.0545959
884.920117	74.999962	28.157944	246.12166	0.0206187	0.051938
886.500098	74.999962	28.271847	246.73286	0.020357	0.0513972
888.079980	74.999962	28.309782	247.39839	0.0207712	0.052629
889.659766	74.999962	28.440302	248.05183	0.0220911	0.0559869
891.239453	74.999962	28.561022	248.53384	0.0214344	0.054207
892.818945	74.999962	28.619663	249.23695	0.0212562	0.0539586
894.398438	74.999962	28.719954	249.66545	0.0218761	0.0554961
895.977734	74.999962	28.847994	250.22534	0.0224487	0.0568596
897.556934	74.999962	28.964705	250.8566	0.0226761	0.0574477
899.135938	74.999962	29.027351	251.51921	0.0215971	0.054857
900.714941	74.999962	29.107639	251.76808	0.0218224	0.0552963
902.293750	74.999962	29.212093	252.3992	0.022924	0.058175
903.872461	74.999962	29.309774	253.11282	0.0222208	0.056472
905.451074	74.999962	29.388973	253.51878	0.0214032	0.0542923
907.029590	74.999962	29.478321	254.17755	0.0223213	0.0566898
908.607910	74.999962	29.60438	254.63766	0.0218384	0.0553455
910.186133	74.999962	29.65008	255.2644	0.0229818	0.0583047
911.764258	74.999962	29.776573	255.69363	0.0240044	0.060739
913.342285	74.999962	29.84128	256.16669	0.0221005	0.0560283
914.920117	74.999962	29.943064	256.64206	0.0238537	0.0603265
916.497852	74.999962	30.039682	257.33353	0.0228177	0.0576953
918.075488	74.999962	30.123692	257.56296	0.0229382	0.0579204
919.653027	74.999962	30.202494	258.07626	0.023296	0.0587779
921.230469	74.999962	30.282835	258.57047	0.0250066	0.0630497
922.807715	74.999962	30.37981	258.91907	0.0248022	0.0623583
924.384863	74.999962	30.437534	259.65817	0.0263484	0.0663037
925.961914	74.999962	30.542583	259.98187	0.0246657	0.0619669
927.538770	74.999962	30.634167	260.56558	0.0246019	0.0616639
929.115527	74.999962	30.720413	260.82245	0.0258395	0.0646754
930.692188	74.999962	30.795704	261.38937	0.0265297	0.0663745
932.268750	74.999962	30.868069	261.75848	0.0283202	0.0707088
933.845117	74.999962	30.975889	261.92538	0.0322928	0.0803825
935.421387	74.999962	31.003998	262.36484	0.0341912	0.0851473
936.997559	74.999962	31.017691	262.93408	0.0367497	0.0917467
938.573535	74.999962	31.138182	263.41687	0.0418691	0.104006
940.149414	74.999962	31.200308	263.69833	0.0452089	0.112462
941.725195	74.999962	31.326178	263.82376	0.0518094	0.128312
943.300879	74.999962	31.349392	264.18124	0.0554514	0.137816
944.876367	74.999962	31.464211	265.34323	0.0622618	0.154298
946.451758	74.999962	31.56436	265.2507	0.0579387	0.143155
948.027051	74.999962	31.677071	266.08719	0.0607426	0.149511
949.602148	74.999962	31.768921	266.66989	0.0614816	0.150978
951.177148	74.999962	31.955339	266.66867	0.0557026	0.135632
952.752051	74.999962	32.043499	267.88544	0.0509672	0.124205
954.326758	74.999962	32.058208	267.99249	0.0483693	0.117561
955.901367	74.999962	32.187759	268.89056	0.0488958	0.118644
957.475879	74.999962	32.270367	268.86465	0.0468148	0.112998
959.050195	74.999962	32.34811	269.39526	0.0431994	0.104049
960.624512	74.999962	32.433964	269.49387	0.0393746	0.0948073
962.198535	74.999962	32.50349	269.79117	0.0408049	0.0980686
963.772559	74.999962	32.552055	-89.653389	0.0417065	0.0999963
965.346387	74.999962	32.724037	-88.948936	0.038183	0.0910155
966.920020	74.999962	32.715149	-88.984459	0.0386473	0.0922611
968.493652	74.999962	32.849327	-88.704933	0.0351181	0.0834488
970.066992	74.999962	32.887047	-88.319473	0.0364201	0.0864273
971.640332	74.999962	32.991188	-88.2407	0.0365713	0.0865724
973.213477	74.999962	33.073574	-87.629135	0.0365957	0.0863911
974.786523	74.999962	33.104908	-87.186646	0.0345926	0.0815357
976.359473	74.999962	33.150093	-87.455513	0.0347704	0.0819202
977.932227	74.999962	33.246502	-86.498924	0.035537	0.083319
979.504785	74.999962	33.348682	-86.197891	0.0364895	0.0853867
981.077344	74.999962	33.411373	-85.948112	0.035956	0.0839028
982.649707	74.999962	33.467422	-85.632935	0.0369641	0.085981
984.221875	74.999962	33.542782	-85.42717	0.036314	0.0844848
985.793945	74.999962	33.599052	-84.898018	0.0374741	0.0869088
987.365918	74.999962	33.689091	-84.510017	0.0373768	0.0862864
988.937793	74.999962	33.737598	-84.126091	0.0355793	0.0821063
990.509375	74.999962	33.851311	-84.007408	0.0359433	0.0826175
992.080957	74.999962	33.883923	-83.775932	0.0362039	0.0831005
993.652344	74.999962	33.938019	-83.329849	0.0378627	0.0866464
995.223633	74.999962	34.055157	-83.251289	0.0371053	0.0847157
996.794727	74.999962	34.090343	-83.09185	0.0372471	0.0850489
998.365723	74.999962	34.162086	-82.645264	0.0387397	0.0881732
999.936523	74.999962	34.227646	-82.274872	0.0395941	0.0897326
1012.422852	74.999962	34.973076	-79.758575	0.0195278	0.0432324
1015.876367	74.999962	35.143551	-79.041168	0.0199002	0.0437751
1019.329297	74.999962	35.254185	-78.551125	0.0161976	0.0355044
1022.781836	74.999962	35.400204	-78.081779	0.0155703	0.0339416
1026.233691	74.999962	35.521652	-77.4263	0.0144379	0.0313248
1029.685059	74.999962	35.654732	-77.075874	0.0137182	0.0296374
1033.135938	74.999962	35.777561	-76.354836	0.0129894	0.027921
1036.586230	74.999962	35.942024	-75.813438	0.0118229	0.0252552
1040.036035	74.999962	36.022331	-75.448967	0.0109559	0.0233369
1043.485352	74.999962	36.18969	-74.995407	0.0106154	0.022487
1046.934082	74.999962	36.289577	-74.445297	0.0104061	0.0219475
1050.382324	74.999962	36.443443	-74.068977	0.0095882	0.0201262
1053.830078	74.999962	36.551064	-73.703346	0.00899627	0.0188134
1057.277344	74.999962	36.694195	-73.189087	0.00877148	0.0182472
1060.724121	74.999962	36.822708	-72.693649	0.00868495	0.0179768
1064.170410	74.999962	36.944073	-72.417076	0.00828695	0.0170985
1067.616113	74.999962	37.097843	-71.946175	0.00776648	0.0159349
1071.061426	74.999962	37.211651	-71.561363	0.00819473	0.0167482
1074.506250	74.999962	37.358528	-71.15049	0.00824617	0.0167724
1077.950586	74.999962	37.483887	-70.718079	0.00800166	0.0161991
1081.394434	74.999962	37.603142	-70.386475	0.00793401	0.0160021
1084.837891	74.999962	37.731678	-69.962677	0.00816178	0.0163855
1088.280762	74.999962	37.877102	-69.632057	0.00806885	0.0161271
1091.723242	74.999962	37.98497	-69.399246	0.00777428	0.0154906
1095.165332	74.999962	38.134193	-68.988342	0.00832296	0.0165005
1098.606836	74.999962	38.25399	-68.688385	0.00748513	0.014788