Wafer 4 12062006 p-polarized reflectance
RTmethod[PolRT=-0.08, RevsRT=40, WVASE=3.616, HardVer=17.034, Wed Dec 06 16:27:48 2006]
Original[w4_12062006_p-pol_reflectance.dat]
nm
pR	245.732520	65.000000	0.0364367	0.0107287
pR	247.331348	65.000000	0.0355369	0.0107107
pR	248.930176	65.000000	0.0334745	0.0106695
pR	250.529053	65.000000	0.0324145	0.0106483
pR	252.127954	65.000000	0.030645	0.0106129
pR	253.726855	65.000000	0.0291352	0.0105827
pR	255.325781	65.000000	0.0268554	0.0105371
pR	256.924731	65.000000	0.0257036	0.0105141
pR	258.523706	65.000000	0.0240435	0.0104809
pR	260.122681	65.000000	0.0224155	0.0104483
pR	261.721680	65.000000	0.0212574	0.0104251
pR	263.320703	65.000000	0.0202797	0.0104056
pR	264.919751	65.000000	0.0201121	0.0104022
pR	266.518799	65.000000	0.0204531	0.0104091
pR	268.117871	65.000000	0.0228256	0.0104565
pR	269.716968	65.000000	0.0272043	0.0105441
pR	271.316089	65.000000	0.0336635	0.0106733
pR	272.915210	65.000000	0.0408632	0.0108173
pR	274.514331	65.000000	0.0491273	0.0109825
pR	276.113501	65.000000	0.0564499	0.011129
pR	277.712646	65.000000	0.0631012	0.011262
pR	279.311841	65.000000	0.0674018	0.011348
pR	280.911035	65.000000	0.067944	0.0113589
pR	282.510254	65.000000	0.0674979	0.01135
pR	284.109473	65.000000	0.0645137	0.0112903
pR	285.708716	65.000000	0.061213	0.0112243
pR	287.307959	65.000000	0.0571393	0.0111428
pR	288.907202	65.000000	0.0568293	0.0111366
pR	290.506494	65.000000	0.0572798	0.0111456
pR	292.105762	65.000000	0.0635973	0.0112719
pR	293.705078	65.000000	0.0714917	0.0114298
pR	295.304370	65.000000	0.0840346	0.0116807
pR	296.903687	65.000000	0.0972658	0.0119453
pR	298.503027	65.000000	0.112376	0.0122475
pR	300.102368	65.000000	0.128561	0.0125712
pR	301.701709	65.000000	0.145016	0.0129003
pR	303.301074	65.000000	0.160372	0.0132074
pR	304.900439	65.000000	0.173949	0.013479
pR	306.499805	65.000000	0.185093	0.0137019
pR	308.099194	65.000000	0.196266	0.0139253
pR	309.698584	65.000000	0.205769	0.0141154
pR	311.297998	65.000000	0.212066	0.0142413
pR	312.897388	65.000000	0.217211	0.0143442
pR	314.496802	65.000000	0.221434	0.0144287
pR	316.096216	65.000000	0.223521	0.0144704
pR	317.695654	65.000000	0.224232	0.0144846
pR	319.295093	65.000000	0.225463	0.0145093
pR	320.894531	65.000000	0.223801	0.014476
pR	322.493970	65.000000	0.221342	0.0144268
pR	324.093408	65.000000	0.219402	0.014388
pR	325.692871	65.000000	0.218222	0.0143644
pR	327.292334	65.000000	0.213414	0.0142683
pR	328.891797	65.000000	0.2107	0.014214
pR	330.491260	65.000000	0.207364	0.0141473
pR	332.090723	65.000000	0.204273	0.0140855
pR	333.690186	65.000000	0.200688	0.0140138
pR	335.289673	65.000000	0.195855	0.0139171
pR	336.889136	65.000000	0.191378	0.0138276
pR	338.488623	65.000000	0.187211	0.0137442
pR	340.088110	65.000000	0.184788	0.0136958
pR	341.687573	65.000000	0.182823	0.0136565
pR	343.287061	65.000000	0.178716	0.0135743
pR	344.886548	65.000000	0.177869	0.0135574
pR	346.486035	65.000000	0.174416	0.0134883
pR	348.085522	65.000000	0.172492	0.0134498
pR	349.684985	65.000000	0.171139	0.0134228
pR	351.284473	65.000000	0.170574	0.0134115
pR	352.883960	65.000000	0.168827	0.0133765
pR	354.483423	65.000000	0.169599	0.013392
pR	356.082910	65.000000	0.170533	0.0134107
pR	357.682373	65.000000	0.171446	0.0134289
pR	359.281860	65.000000	0.171228	0.0134246
pR	360.881323	65.000000	0.172826	0.0134565
pR	362.480786	65.000000	0.17431	0.0134862
pR	364.080249	65.000000	0.174349	0.013487
pR	365.679712	65.000000	0.177006	0.0135401
pR	367.279175	65.000000	0.179328	0.0135866
pR	368.878613	65.000000	0.180714	0.0136143
pR	370.478052	65.000000	0.183973	0.0136795
pR	372.077490	65.000000	0.187342	0.0137468
pR	373.676929	65.000000	0.189299	0.013786
pR	375.276367	65.000000	0.191045	0.0138209
pR	376.875781	65.000000	0.193748	0.0138749
pR	378.475195	65.000000	0.196498	0.01393
pR	380.074609	65.000000	0.198507	0.0139701
pR	381.673999	65.000000	0.200214	0.0140043
pR	383.273389	65.000000	0.203081	0.0140616
pR	384.872778	65.000000	0.205153	0.0141031
pR	386.472168	65.000000	0.208824	0.0141765
pR	388.071533	65.000000	0.20973	0.0141946
pR	389.670898	65.000000	0.214133	0.0142827
pR	391.270239	65.000000	0.214511	0.0142902
pR	392.869580	65.000000	0.21858	0.0143716
pR	394.468921	65.000000	0.22082	0.0144164
pR	396.068237	65.000000	0.222902	0.014458
pR	397.667554	65.000000	0.224455	0.0144891
pR	399.266846	65.000000	0.227345	0.0145469
pR	400.866138	65.000000	0.228406	0.0145681
pR	402.465405	65.000000	0.229974	0.0145995
pR	404.064673	65.000000	0.232388	0.0146478
pR	405.663916	65.000000	0.233987	0.0146797
pR	407.263159	65.000000	0.235657	0.0147131
pR	408.862378	65.000000	0.236537	0.0147307
pR	410.461572	65.000000	0.238224	0.0147645
pR	412.060791	65.000000	0.24004	0.0148008
pR	413.659961	65.000000	0.24096	0.0148192
pR	415.259131	65.000000	0.241886	0.0148377
pR	416.858301	65.000000	0.243989	0.0148798
pR	418.457422	65.000000	0.244231	0.0148846
pR	420.056592	65.000000	0.24529	0.0149058
pR	421.655664	65.000000	0.24662	0.0149324
pR	423.254785	65.000000	0.248353	0.0149671
pR	424.853857	65.000000	0.248688	0.0149738
pR	426.452930	65.000000	0.248068	0.0149614
pR	428.051953	65.000000	0.249761	0.0149952
pR	429.650977	65.000000	0.24976	0.0149952
pR	431.250000	65.000000	0.250913	0.0150183
pR	432.848975	65.000000	0.250811	0.0150162
pR	434.447949	65.000000	0.252072	0.0150414
pR	436.046924	65.000000	0.253058	0.0150612
pR	437.645850	65.000000	0.253267	0.0150653
pR	439.244727	65.000000	0.253131	0.0150626
pR	440.843652	65.000000	0.25325	0.015065
pR	442.442529	65.000000	0.253234	0.0150647
pR	444.041357	65.000000	0.254382	0.0150876
pR	445.640186	65.000000	0.254355	0.0150871
pR	447.239014	65.000000	0.254716	0.0150943
pR	448.837793	65.000000	0.254802	0.015096
pR	450.436572	65.000000	0.25546	0.0151092
pR	452.035303	65.000000	0.255096	0.0151019
pR	453.634033	65.000000	0.255349	0.015107
pR	455.232715	65.000000	0.254976	0.0150995
pR	456.831396	65.000000	0.254908	0.0150982
pR	458.430078	65.000000	0.255245	0.0151049
pR	460.028711	65.000000	0.255287	0.0151057
pR	461.627295	65.000000	0.255582	0.0151116
pR	463.225879	65.000000	0.255095	0.0151019
pR	464.824463	65.000000	0.255637	0.0151127
pR	466.422949	65.000000	0.255913	0.0151183
pR	468.021484	65.000000	0.255874	0.0151175
pR	469.619971	65.000000	0.255784	0.0151157
pR	471.218408	65.000000	0.255768	0.0151154
pR	472.816846	65.000000	0.256205	0.0151241
pR	474.415234	65.000000	0.255502	0.01511
pR	476.013623	65.000000	0.255749	0.015115
pR	477.611963	65.000000	0.255982	0.0151196
pR	479.210254	65.000000	0.255985	0.0151197
pR	480.808545	65.000000	0.256534	0.0151307
pR	482.406836	65.000000	0.255571	0.0151114
pR	484.005029	65.000000	0.255806	0.0151161
pR	485.603271	65.000000	0.256073	0.0151215
pR	487.201416	65.000000	0.256512	0.0151302
pR	488.799561	65.000000	0.256585	0.0151317
pR	490.397656	65.000000	0.256163	0.0151233
pR	491.995752	65.000000	0.256755	0.0151351
pR	493.593799	65.000000	0.25663	0.0151326
pR	495.191846	65.000000	0.256475	0.0151295
pR	496.789795	65.000000	0.256649	0.015133
pR	498.387744	65.000000	0.257037	0.0151407
pR	499.985693	65.000000	0.257425	0.0151485
pR	501.583594	65.000000	0.257594	0.0151519
pR	503.181445	65.000000	0.257654	0.0151531
pR	504.779248	65.000000	0.257782	0.0151556
pR	506.377051	65.000000	0.258368	0.0151674
pR	507.974805	65.000000	0.258089	0.0151618
pR	509.572510	65.000000	0.258276	0.0151655
pR	511.170215	65.000000	0.258792	0.0151758
pR	512.767871	65.000000	0.259198	0.015184
pR	514.365479	65.000000	0.259722	0.0151944
pR	515.963037	65.000000	0.260419	0.0152084
pR	517.560596	65.000000	0.260444	0.0152089
pR	519.158105	65.000000	0.260264	0.0152053
pR	520.755566	65.000000	0.260911	0.0152182
pR	522.353027	65.000000	0.26166	0.0152332
pR	523.950391	65.000000	0.262075	0.0152415
pR	525.547754	65.000000	0.262035	0.0152407
pR	527.145068	65.000000	0.262492	0.0152498
pR	528.742383	65.000000	0.262669	0.0152534
pR	530.339600	65.000000	0.262961	0.0152592
pR	531.936816	65.000000	0.263126	0.0152625
pR	533.533984	65.000000	0.264025	0.0152805
pR	535.131104	65.000000	0.264372	0.0152874
pR	536.728174	65.000000	0.265169	0.0153034
pR	538.325244	65.000000	0.264839	0.0152968
pR	539.922266	65.000000	0.26598	0.0153196
pR	541.519189	65.000000	0.266401	0.015328
pR	543.116113	65.000000	0.26667	0.0153334
pR	544.712988	65.000000	0.267348	0.015347
pR	546.309863	65.000000	0.267201	0.015344
pR	547.906641	65.000000	0.267767	0.0153553
pR	549.503369	65.000000	0.269078	0.0153816
pR	551.100098	65.000000	0.26999	0.0153998
pR	552.696777	65.000000	0.269351	0.015387
pR	554.293359	65.000000	0.269819	0.0153964
pR	555.889941	65.000000	0.270774	0.0154155
pR	557.486475	65.000000	0.270914	0.0154183
pR	559.082959	65.000000	0.271867	0.0154373
pR	560.679395	65.000000	0.271626	0.0154325
pR	562.275830	65.000000	0.272903	0.0154581
pR	563.872168	65.000000	0.273887	0.0154777
pR	565.468457	65.000000	0.273076	0.0154615
pR	567.064697	65.000000	0.273562	0.0154712
pR	568.660938	65.000000	0.274515	0.0154903
pR	570.257080	65.000000	0.275419	0.0155084
pR	571.853223	65.000000	0.276081	0.0155216
pR	573.449268	65.000000	0.277087	0.0155418
pR	575.045313	65.000000	0.27728	0.0155456
pR	576.641260	65.000000	0.277651	0.015553
pR	578.237207	65.000000	0.2779	0.015558
pR	579.833057	65.000000	0.27828	0.0155656
pR	581.428857	65.000000	0.278849	0.015577
pR	583.024658	65.000000	0.279443	0.0155889
pR	584.620361	65.000000	0.279721	0.0155944
pR	586.216064	65.000000	0.280143	0.0156029
pR	587.811670	65.000000	0.280709	0.0156142
pR	589.407227	65.000000	0.280883	0.0156177
pR	591.002734	65.000000	0.281304	0.0156261
pR	592.598193	65.000000	0.282348	0.015647
pR	594.193604	65.000000	0.282691	0.0156538
pR	595.788965	65.000000	0.283309	0.0156662
pR	597.384277	65.000000	0.283879	0.0156776
pR	598.979541	65.000000	0.285002	0.0157
pR	600.574756	65.000000	0.28511	0.0157022
pR	602.169873	65.000000	0.28519	0.0157038
pR	603.764990	65.000000	0.285824	0.0157165
pR	605.360010	65.000000	0.285974	0.0157195
pR	606.954980	65.000000	0.286106	0.0157221
pR	608.549902	65.000000	0.286469	0.0157294
pR	610.144775	65.000000	0.287864	0.0157573
pR	611.739600	65.000000	0.288463	0.0157693
pR	613.334375	65.000000	0.288993	0.0157799
pR	614.929053	65.000000	0.289112	0.0157822
pR	616.523730	65.000000	0.288988	0.0157798
pR	618.118311	65.000000	0.289142	0.0157828
pR	619.712842	65.000000	0.290123	0.0158025
pR	621.307275	65.000000	0.290323	0.0158065
pR	622.901709	65.000000	0.291422	0.0158284
pR	624.496045	65.000000	0.291555	0.0158311
pR	626.090381	65.000000	0.291844	0.0158369
pR	627.684570	65.000000	0.292453	0.0158491
pR	629.278760	65.000000	0.292761	0.0158552
pR	630.872900	65.000000	0.293631	0.0158726
pR	632.466943	65.000000	0.293718	0.0158744
pR	634.060938	65.000000	0.295115	0.0159023
pR	635.654883	65.000000	0.295104	0.0159021
pR	637.248730	65.000000	0.295999	0.01592
pR	638.842529	65.000000	0.295623	0.0159125
pR	640.436279	65.000000	0.295924	0.0159185
pR	642.029980	65.000000	0.295728	0.0159146
pR	643.623584	65.000000	0.296768	0.0159354
pR	645.217139	65.000000	0.298524	0.0159705
pR	646.810645	65.000000	0.298433	0.0159687
pR	648.404053	65.000000	0.297694	0.0159539
pR	649.997412	65.000000	0.298493	0.0159699
pR	651.590723	65.000000	0.298994	0.0159799
pR	653.183984	65.000000	0.299851	0.015997
pR	654.777148	65.000000	0.299769	0.0159954
pR	656.370264	65.000000	0.301435	0.0160287
pR	657.963281	65.000000	0.300871	0.0160174
pR	659.556250	65.000000	0.300921	0.0160184
pR	661.149170	65.000000	0.300984	0.0160197
pR	662.741992	65.000000	0.301738	0.0160348
pR	664.334766	65.000000	0.302671	0.0160534
pR	665.927490	65.000000	0.303476	0.0160695
pR	667.520117	65.000000	0.302311	0.0160462
pR	669.112695	65.000000	0.302629	0.0160526
pR	670.705176	65.000000	0.303445	0.0160689
pR	672.297607	65.000000	0.3041	0.016082
pR	673.889990	65.000000	0.303844	0.0160769
pR	675.482275	65.000000	0.305441	0.0161088
pR	677.074512	65.000000	0.304915	0.0160983
pR	678.666650	65.000000	0.304956	0.0160991
pR	680.258740	65.000000	0.304946	0.0160989
pR	681.850732	65.000000	0.306006	0.0161201
pR	683.442676	65.000000	0.30608	0.0161216
pR	685.034521	65.000000	0.307403	0.0161481
pR	686.626318	65.000000	0.308288	0.0161658
pR	688.218066	65.000000	0.309082	0.0161816
pR	689.809717	65.000000	0.309107	0.0161821
pR	691.401270	65.000000	0.309086	0.0161817
pR	692.992773	65.000000	0.308645	0.0161729
pR	694.584229	65.000000	0.308672	0.0161734
pR	696.175586	65.000000	0.309262	0.0161852
pR	697.766846	65.000000	0.310564	0.0162113
pR	699.358057	65.000000	0.311269	0.0162254
pR	700.949170	65.000000	0.310556	0.0162111
pR	702.540234	65.000000	0.310708	0.0162142
pR	704.131201	65.000000	0.311098	0.016222
pR	705.722119	65.000000	0.310852	0.0162171
pR	707.312939	65.000000	0.310393	0.0162079
pR	708.903711	65.000000	0.311333	0.0162267
pR	710.494385	65.000000	0.311137	0.0162227
pR	712.084961	65.000000	0.31191	0.0162382
pR	713.675488	65.000000	0.312824	0.0162565
pR	715.265918	65.000000	0.314429	0.0162886
pR	716.856299	65.000000	0.313324	0.0162665
pR	718.446582	65.000000	0.314094	0.0162819
pR	720.036768	65.000000	0.314241	0.0162848
pR	721.626904	65.000000	0.314552	0.016291
pR	723.216943	65.000000	0.31497	0.0162994
pR	724.806885	65.000000	0.315874	0.0163175
pR	726.396777	65.000000	0.315268	0.0163054
pR	727.986572	65.000000	0.316122	0.0163224
pR	729.576318	65.000000	0.314741	0.0162948
pR	731.165967	65.000000	0.315463	0.0163093
pR	732.755518	65.000000	0.31703	0.0163406
pR	734.344971	65.000000	0.316939	0.0163388
pR	735.934375	65.000000	0.317714	0.0163543
pR	737.523682	65.000000	0.317901	0.016358
pR	739.112891	65.000000	0.318013	0.0163603
pR	740.702051	65.000000	0.317644	0.0163529
pR	742.291113	65.000000	0.316202	0.016324
pR	743.880078	65.000000	0.317386	0.0163477
pR	745.468994	65.000000	0.318409	0.0163682
pR	747.057764	65.000000	0.318329	0.0163666
pR	748.646484	65.000000	0.318569	0.0163714
pR	750.235156	65.000000	0.31906	0.0163812
pR	751.823682	65.000000	0.320316	0.0164063
pR	753.412158	65.000000	0.320076	0.0164015
pR	755.000537	65.000000	0.318997	0.0163799
pR	756.588818	65.000000	0.318862	0.0163772
pR	758.177002	65.000000	0.320092	0.0164018
pR	759.765137	65.000000	0.321047	0.0164209
pR	761.353125	65.000000	0.321238	0.0164248
pR	762.941064	65.000000	0.320665	0.0164133
pR	764.528906	65.000000	0.322048	0.016441
pR	766.116699	65.000000	0.323807	0.0164761
pR	767.704346	65.000000	0.323318	0.0164664
pR	769.291943	65.000000	0.321884	0.0164377
pR	770.879443	65.000000	0.322588	0.0164518
pR	772.466846	65.000000	0.324694	0.0164939
pR	774.054150	65.000000	0.323762	0.0164752
pR	775.641357	65.000000	0.32349	0.0164698
pR	777.228467	65.000000	0.32452	0.0164904
pR	778.815527	65.000000	0.324898	0.016498
pR	780.402441	65.000000	0.323899	0.016478
pR	781.989307	65.000000	0.323501	0.01647
pR	783.576074	65.000000	0.325254	0.0165051
pR	785.162744	65.000000	0.325201	0.016504
pR	786.749316	65.000000	0.324442	0.0164888
pR	788.335791	65.000000	0.323578	0.0164716
pR	789.922168	65.000000	0.32592	0.0165184
pR	791.508447	65.000000	0.326945	0.0165389
pR	793.094629	65.000000	0.325652	0.016513
pR	794.680762	65.000000	0.325423	0.0165085
pR	796.266748	65.000000	0.32573	0.0165146
pR	797.852637	65.000000	0.325925	0.0165185
pR	799.438477	65.000000	0.326865	0.0165373
pR	801.024170	65.000000	0.327233	0.0165446
pR	802.609814	65.000000	0.325914	0.0165183
pR	804.195313	65.000000	0.326935	0.0165387
pR	805.780762	65.000000	0.328318	0.0165664
pR	807.366064	65.000000	0.328253	0.0165651
pR	808.951318	65.000000	0.327727	0.0165545
pR	810.536426	65.000000	0.328737	0.0165747
pR	812.121484	65.000000	0.328809	0.0165762
pR	813.706396	65.000000	0.328721	0.0165744
pR	815.291211	65.000000	0.330304	0.0166061
pR	816.875977	65.000000	0.329421	0.0165884
pR	818.460596	65.000000	0.328805	0.0165761
pR	820.045117	65.000000	0.328647	0.0165729
pR	821.629590	65.000000	0.329232	0.0165846
pR	823.213867	65.000000	0.330171	0.0166034
pR	824.798145	65.000000	0.329565	0.0165913
pR	826.382227	65.000000	0.330849	0.016617
pR	827.966211	65.000000	0.331568	0.0166314
pR	829.550195	65.000000	0.332447	0.0166489
pR	831.133984	65.000000	0.33322	0.0166644
pR	832.717676	65.000000	0.331935	0.0166387
pR	834.301270	65.000000	0.331768	0.0166354
pR	835.884863	65.000000	0.333531	0.0166706
pR	837.468262	65.000000	0.332832	0.0166566
pR	839.051563	65.000000	0.331777	0.0166355
pR	840.634668	65.000000	0.332821	0.0166564
pR	842.217773	65.000000	0.333575	0.0166715
pR	843.800781	65.000000	0.33399	0.0166798
pR	845.383691	65.000000	0.333376	0.0166675
pR	846.966406	65.000000	0.333056	0.0166611
pR	848.549121	65.000000	0.332886	0.0166577
pR	850.131641	65.000000	0.334897	0.0166979
pR	851.714063	65.000000	0.334587	0.0166917
pR	853.296484	65.000000	0.334647	0.0166929
pR	854.878711	65.000000	0.334588	0.0166918
pR	856.460840	65.000000	0.335536	0.0167107
pR	858.042773	65.000000	0.334687	0.0166937
pR	859.624707	65.000000	0.335022	0.0167004
pR	861.206543	65.000000	0.335362	0.0167072
pR	862.788184	65.000000	0.334522	0.0166904
pR	864.369824	65.000000	0.33505	0.016701
pR	865.951270	65.000000	0.336767	0.0167353
pR	867.532617	65.000000	0.334919	0.0166984
pR	869.113867	65.000000	0.334382	0.0166876
pR	870.695020	65.000000	0.335984	0.0167197
pR	872.275977	65.000000	0.336946	0.0167389
pR	873.856934	65.000000	0.337128	0.0167426
pR	875.437695	65.000000	0.337046	0.0167409
pR	877.018359	65.000000	0.335109	0.0167022
pR	878.599023	65.000000	0.336829	0.0167366
pR	880.179395	65.000000	0.336202	0.016724
pR	881.759766	65.000000	0.337562	0.0167512
pR	883.340039	65.000000	0.339001	0.01678
pR	884.920117	65.000000	0.340391	0.0168078
pR	886.500098	65.000000	0.33907	0.0167814
pR	888.079980	65.000000	0.338937	0.0167787
pR	889.659766	65.000000	0.340199	0.016804
pR	891.239453	65.000000	0.338781	0.0167756
pR	892.818945	65.000000	0.340249	0.016805
pR	894.398438	65.000000	0.339478	0.0167896
pR	895.977734	65.000000	0.34141	0.0168282
pR	897.556934	65.000000	0.342593	0.0168519
pR	899.135938	65.000000	0.341182	0.0168236
pR	900.714941	65.000000	0.34106	0.0168212
pR	902.293750	65.000000	0.339489	0.0167898
pR	903.872461	65.000000	0.340182	0.0168036
pR	905.451074	65.000000	0.340647	0.0168129
pR	907.029590	65.000000	0.340399	0.016808
pR	908.607910	65.000000	0.340934	0.0168187
pR	910.186133	65.000000	0.340901	0.016818
pR	911.764258	65.000000	0.340232	0.0168046
pR	913.342285	65.000000	0.341515	0.0168303
pR	914.920117	65.000000	0.34173	0.0168346
pR	916.497852	65.000000	0.341549	0.016831
pR	918.075488	65.000000	0.342847	0.0168569
pR	919.653027	65.000000	0.342325	0.0168465
pR	921.230469	65.000000	0.345018	0.0169004
pR	922.807715	65.000000	0.344357	0.0168871
pR	924.384863	65.000000	0.3456	0.016912
pR	925.961914	65.000000	0.34559	0.0169118
pR	927.538770	65.000000	0.344444	0.0168889
pR	929.115527	65.000000	0.344793	0.0168959
pR	930.692188	65.000000	0.344741	0.0168948
pR	932.268750	65.000000	0.345656	0.0169131
pR	933.845117	65.000000	0.346471	0.0169294
pR	935.421387	65.000000	0.349452	0.016989
pR	936.997559	65.000000	0.347798	0.016956
pR	938.573535	65.000000	0.346748	0.016935
pR	940.149414	65.000000	0.350026	0.0170005
pR	941.725195	65.000000	0.346146	0.0169229
pR	943.300879	65.000000	0.348342	0.0169668
pR	944.876367	65.000000	0.349326	0.0169865
pR	946.451758	65.000000	0.347404	0.0169481
pR	948.027051	65.000000	0.351624	0.0170325
pR	949.602148	65.000000	0.349385	0.0169877
pR	951.177148	65.000000	0.351644	0.0170329
pR	952.752051	65.000000	0.346973	0.0169395
pR	954.326758	65.000000	0.345316	0.0169063
pR	955.901367	65.000000	0.346423	0.0169285
pR	957.475879	65.000000	0.34831	0.0169662
pR	959.050195	65.000000	0.348438	0.0169688
pR	960.624512	65.000000	0.349282	0.0169856
pR	962.198535	65.000000	0.347832	0.0169566
pR	963.772559	65.000000	0.346673	0.0169335
pR	965.346387	65.000000	0.349797	0.0169959
pR	966.920020	65.000000	0.349363	0.0169873
pR	968.493652	65.000000	0.350874	0.0170175
pR	970.066992	65.000000	0.349383	0.0169877
pR	971.640332	65.000000	0.353734	0.0170747
pR	973.213477	65.000000	0.352617	0.0170523
pR	974.786523	65.000000	0.351954	0.0170391
pR	976.359473	65.000000	0.351434	0.0170287
pR	977.932227	65.000000	0.351175	0.0170235
pR	979.504785	65.000000	0.351384	0.0170277
pR	981.077344	65.000000	0.353185	0.0170637
pR	982.649707	65.000000	0.35354	0.0170708
pR	984.221875	65.000000	0.352047	0.0170409
pR	985.793945	65.000000	0.352594	0.0170519
pR	987.365918	65.000000	0.353693	0.0170739
pR	988.937793	65.000000	0.354829	0.0170966
pR	990.509375	65.000000	0.359111	0.0171822
pR	992.080957	65.000000	0.353682	0.0170736
pR	993.652344	65.000000	0.355283	0.0171057
pR	995.223633	65.000000	0.353074	0.0170615
pR	996.794727	65.000000	0.354214	0.0170843
pR	998.365723	65.000000	0.357111	0.0171422
pR	999.936523	65.000000	0.356312	0.0171262
pR	1012.422852	65.000000	0.351141	0.0170228
pR	1015.876367	65.000000	0.354752	0.017095
pR	1019.329297	65.000000	0.35384	0.0170768
pR	1022.781836	65.000000	0.353641	0.0170728
pR	1026.233691	65.000000	0.353536	0.0170707
pR	1029.685059	65.000000	0.353319	0.0170664
pR	1033.135938	65.000000	0.354727	0.0170945
pR	1036.586230	65.000000	0.355098	0.017102
pR	1040.036035	65.000000	0.357368	0.0171474
pR	1043.485352	65.000000	0.358056	0.0171611
pR	1046.934082	65.000000	0.358882	0.0171776
pR	1050.382324	65.000000	0.356631	0.0171326
pR	1053.830078	65.000000	0.35746	0.0171492
pR	1057.277344	65.000000	0.357923	0.0171585
pR	1060.724121	65.000000	0.359728	0.0171946
pR	1064.170410	65.000000	0.360778	0.0172156
pR	1067.616113	65.000000	0.364681	0.0172936
pR	1071.061426	65.000000	0.36331	0.0172662
pR	1074.506250	65.000000	0.367855	0.0173571
pR	1077.950586	65.000000	0.363138	0.0172628
pR	1081.394434	65.000000	0.370533	0.0174107
pR	1084.837891	65.000000	0.362564	0.0172513
pR	1088.280762	65.000000	0.37352	0.0174704
pR	1091.723242	65.000000	0.365281	0.0173056
pR	1095.165332	65.000000	0.37691	0.0175382
pR	1098.606836	65.000000	0.367808	0.0173562
pR	1102.047949	65.000000	0.377405	0.0175481
pR	1105.488672	65.000000	0.369413	0.0173883
pR	1108.928906	65.000000	0.378677	0.0175735
pR	1112.368750	65.000000	0.369068	0.0173814
pR	1115.808105	65.000000	0.378106	0.0175621
pR	1119.247070	65.000000	0.372874	0.0174575
pR	1122.685645	65.000000	0.383754	0.0176751
pR	1126.123730	65.000000	0.376967	0.0175393
pR	1129.561426	65.000000	0.386037	0.0177207
pR	1132.998730	65.000000	0.377861	0.0175572
pR	1136.435645	65.000000	0.384977	0.0176995
pR	1139.872168	65.000000	0.376708	0.0175342
pR	1143.308203	65.000000	0.385763	0.0177153
pR	1146.743945	65.000000	0.38062	0.0176124
pR	1150.179297	65.000000	0.387858	0.0177572
pR	1153.614258	65.000000	0.385033	0.0177007
pR	1157.048828	65.000000	0.392994	0.0178599
pR	1160.483008	65.000000	0.388612	0.0177722
pR	1163.916797	65.000000	0.390657	0.0178131
pR	1167.350195	65.000000	0.386906	0.0177381
pR	1170.783301	65.000000	0.391251	0.017825
pR	1174.216016	65.000000	0.387569	0.0177514
pR	1177.648438	65.000000	0.393506	0.0178701
pR	1181.080469	65.000000	0.389109	0.0177822
pR	1184.512109	65.000000	0.395958	0.0179192
pR	1187.943457	65.000000	0.393946	0.0178789
pR	1191.374512	65.000000	0.397926	0.0179585
pR	1194.805176	65.000000	0.39411	0.0178822
pR	1198.235547	65.000000	0.399323	0.0179865
pR	1201.665527	65.000000	0.395502	0.01791
pR	1205.095215	65.000000	0.396941	0.0179388
pR	1208.524609	65.000000	0.395044	0.0179009
pR	1211.953711	65.000000	0.396893	0.0179379
pR	1215.382422	65.000000	0.396771	0.0179354
pR	1218.810938	65.000000	0.400949	0.018019
pR	1222.239063	65.000000	0.399208	0.0179842
pR	1225.666895	65.000000	0.402112	0.0180422
pR	1229.094531	65.000000	0.398879	0.0179776
pR	1232.521777	65.000000	0.402686	0.0180537
pR	1235.948828	65.000000	0.399222	0.0179844
pR	1239.375586	65.000000	0.402818	0.0180564
pR	1242.801953	65.000000	0.397221	0.0179444
pR	1246.228223	65.000000	0.400883	0.0180177
pR	1249.654102	65.000000	0.399482	0.0179896
pR	1253.079785	65.000000	0.402439	0.0180488
pR	1256.505176	65.000000	0.401651	0.018033
pR	1259.930273	65.000000	0.406936	0.0181387
pR	1263.355273	65.000000	0.403516	0.0180703
pR	1266.779883	65.000000	0.407567	0.0181513
pR	1270.204297	65.000000	0.404468	0.0180894
pR	1273.628516	65.000000	0.406507	0.0181301
pR	1277.052441	65.000000	0.401266	0.0180253
pR	1280.476172	65.000000	0.405536	0.0181107
pR	1283.899609	65.000000	0.401509	0.0180302
pR	1287.322949	65.000000	0.40699	0.0181398
pR	1290.745996	65.000000	0.403541	0.0180708
pR	1294.168848	65.000000	0.4111	0.018222
pR	1297.591504	65.000000	0.408941	0.0181788
pR	1301.013965	65.000000	0.414927	0.0182985
pR	1304.436230	65.000000	0.408194	0.0181639
pR	1307.858301	65.000000	0.411926	0.0182385
pR	1311.280078	65.000000	0.406185	0.0181237
pR	1314.701758	65.000000	0.412484	0.0182497
pR	1318.123340	65.000000	0.406672	0.0181334
pR	1321.544629	65.000000	0.410229	0.0182046
pR	1324.965723	65.000000	0.405534	0.0181107
pR	1328.386719	65.000000	0.409243	0.0181849
pR	1331.807520	65.000000	0.406877	0.0181375
pR	1335.228223	65.000000	0.416734	0.0183347
pR	1338.648730	65.000000	0.411388	0.0182278
pR	1342.069043	65.000000	0.417708	0.0183542
pR	1345.489258	65.000000	0.411014	0.0182203
pR	1348.909277	65.000000	0.416344	0.0183269
pR	1352.329199	65.000000	0.407162	0.0181432
pR	1355.749023	65.000000	0.417415	0.0183483
pR	1359.168652	65.000000	0.403657	0.0180731
pR	1362.588184	65.000000	0.410838	0.0182168
pR	1366.007617	65.000000	0.400901	0.018018
pR	1369.426855	65.000000	0.412854	0.0182571
pR	1372.845996	65.000000	0.404574	0.0180915
pR	1376.265039	65.000000	0.416705	0.0183341
pR	1379.684082	65.000000	0.407593	0.0181519
pR	1383.102930	65.000000	0.423724	0.0184745
pR	1386.521680	65.000000	0.410381	0.0182076
pR	1389.940332	65.000000	0.420758	0.0184152
pR	1393.358887	65.000000	0.408217	0.0181643
pR	1396.777344	65.000000	0.421182	0.0184236
pR	1400.195801	65.000000	0.408441	0.0181688
pR	1403.614063	65.000000	0.418836	0.0183767
pR	1407.032324	65.000000	0.407029	0.0181406
pR	1410.450586	65.000000	0.416546	0.0183309
pR	1413.868652	65.000000	0.406849	0.018137
pR	1417.286719	65.000000	0.422057	0.0184411
pR	1420.704785	65.000000	0.411751	0.018235
pR	1424.122754	65.000000	0.42626	0.0185252
pR	1427.540625	65.000000	0.416157	0.0183231
pR	1430.958496	65.000000	0.429507	0.0185901
pR	1434.376367	65.000000	0.417684	0.0183537
pR	1437.794141	65.000000	0.428516	0.0185703
pR	1441.211914	65.000000	0.417767	0.0183553
pR	1444.629688	65.000000	0.425328	0.0185066
pR	1448.047363	65.000000	0.413004	0.0182601
pR	1451.465039	65.000000	0.423642	0.0184729
pR	1454.882813	65.000000	0.409748	0.018195
pR	1458.300488	65.000000	0.424189	0.0184838
pR	1461.718164	65.000000	0.410862	0.0182172
pR	1465.135840	65.000000	0.424755	0.0184951
pR	1468.553516	65.000000	0.414595	0.0182919
pR	1471.971191	65.000000	0.433651	0.018673
pR	1475.388867	65.000000	0.421576	0.0184315
pR	1478.806543	65.000000	0.434537	0.0186907
pR	1482.224316	65.000000	0.422388	0.0184478
pR	1485.642090	65.000000	0.433104	0.0186621
pR	1489.059863	65.000000	0.417169	0.0183434
pR	1492.477734	65.000000	0.430822	0.0186164
pR	1495.895508	65.000000	0.416153	0.0183231
pR	1499.313477	65.000000	0.431562	0.0186312
pR	1502.731445	65.000000	0.418852	0.018377
pR	1506.149414	65.000000	0.431891	0.0186378
pR	1509.567480	65.000000	0.417005	0.0183401
pR	1512.985547	65.000000	0.431331	0.0186266
pR	1516.403711	65.000000	0.420852	0.018417
pR	1519.821973	65.000000	0.433202	0.018664
pR	1523.240234	65.000000	0.424312	0.0184862
pR	1526.658691	65.000000	0.435337	0.0187067
pR	1530.077148	65.000000	0.430721	0.0186144
pR	1533.495703	65.000000	0.439689	0.0187938
pR	1536.914258	65.000000	0.429853	0.0185971
pR	1540.333008	65.000000	0.438303	0.0187661
pR	1543.751855	65.000000	0.429229	0.0185846
pR	1547.170801	65.000000	0.435992	0.0187198
pR	1550.589844	65.000000	0.42608	0.0185216
pR	1554.008887	65.000000	0.436996	0.0187399
pR	1557.428223	65.000000	0.421599	0.018432
pR	1560.847559	65.000000	0.434265	0.0186853
pR	1564.266992	65.000000	0.42295	0.018459
pR	1567.686621	65.000000	0.429811	0.0185962
pR	1571.106348	65.000000	0.426872	0.0185374
pR	1574.526270	65.000000	0.433159	0.0186632
pR	1577.946289	65.000000	0.430216	0.0186043
pR	1581.366406	65.000000	0.428768	0.0185754
pR	1584.786719	65.000000	0.43183	0.0186366
pR	1588.207227	65.000000	0.43679	0.0187358
pR	1591.627832	65.000000	0.433468	0.0186694
pR	1595.048535	65.000000	0.436209	0.0187242
pR	1598.469531	65.000000	0.432151	0.018643
pR	1601.890625	65.000000	0.432951	0.018659
pR	1605.311816	65.000000	0.431931	0.0186386
pR	1608.733301	65.000000	0.430767	0.0186153
pR	1612.154883	65.000000	0.429113	0.0185823
pR	1615.576758	65.000000	0.425457	0.0185091
pR	1618.998730	65.000000	0.42684	0.0185368
pR	1622.420898	65.000000	0.425979	0.0185196
pR	1625.843262	65.000000	0.425057	0.0185011
pR	1629.265918	65.000000	0.427802	0.018556
pR	1632.688672	65.000000	0.429069	0.0185814
pR	1636.111719	65.000000	0.43661	0.0187322
pR	1639.534961	65.000000	0.435717	0.0187143
pR	1642.958398	65.000000	0.437537	0.0187507
pR	1646.382031	65.000000	0.436835	0.0187367
pR	1649.805859	65.000000	0.440716	0.0188143
pR	1653.230078	65.000000	0.440824	0.0188165
pR	1656.654297	65.000000	0.440654	0.0188131
pR	1660.078906	65.000000	0.438221	0.0187644
pR	1663.503711	65.000000	0.4394	0.018788
pR	1666.928906	65.000000	0.434797	0.0186959
pR	1670.354102	65.000000	0.436211	0.0187242
pR	1673.779688	65.000000	0.438141	0.0187628
pR	1677.205664	65.000000	0.440087	0.0188017
pR	1680.631641	65.000000	0.432205	0.0186441
pR	1684.058008	65.000000	0.441596	0.0188319
pR	1687.484766	65.000000	0.447771	0.0189554
pR	1690.911719	65.000000	0.447038	0.0189408
pR	1694.338867	65.000000	0.437747	0.0187549
pR	1697.766406	65.000000	0.438798	0.018776
pR	245.732520	70.000000	0.0152052	0.0103041
pR	247.331348	70.000000	0.0144438	0.0102889
pR	248.930176	70.000000	0.0132821	0.0102656
pR	250.529053	70.000000	0.012515	0.0102503
pR	252.127954	70.000000	0.0107306	0.0102146
pR	253.726855	70.000000	0.00937323	0.0101875
pR	255.325781	70.000000	0.00826618	0.0101653
pR	256.924731	70.000000	0.00675219	0.010135
pR	258.523706	70.000000	0.00594936	0.010119
pR	260.122681	70.000000	0.00547192	0.0101094
pR	261.721680	70.000000	0.00518554	0.0101037
pR	263.320703	70.000000	0.00439289	0.0100879
pR	264.919751	70.000000	0.00450614	0.0100901
pR	266.518799	70.000000	0.00594131	0.0101188
pR	268.117871	70.000000	0.00812979	0.0101626
pR	269.716968	70.000000	0.0102621	0.0102052
pR	271.316089	70.000000	0.013203	0.0102641
pR	272.915210	70.000000	0.0160466	0.0103209
pR	274.514331	70.000000	0.0185556	0.0103711
pR	276.113501	70.000000	0.0207091	0.0104142
pR	277.712646	70.000000	0.0239901	0.0104798
pR	279.311841	70.000000	0.0280421	0.0105608
pR	280.911035	70.000000	0.0328082	0.0106562
pR	282.510254	70.000000	0.0379823	0.0107596
pR	284.109473	70.000000	0.0467665	0.0109353
pR	285.708716	70.000000	0.0587497	0.011175
pR	287.307959	70.000000	0.0706306	0.0114126
pR	288.907202	70.000000	0.0835014	0.01167
pR	290.506494	70.000000	0.0969746	0.0119395
pR	292.105762	70.000000	0.111711	0.0122342
pR	293.705078	70.000000	0.124809	0.0124962
pR	295.304370	70.000000	0.135863	0.0127173
pR	296.903687	70.000000	0.146218	0.0129244
pR	298.503027	70.000000	0.15348	0.0130696
pR	300.102368	70.000000	0.159331	0.0131866
pR	301.701709	70.000000	0.162524	0.0132505
pR	303.301074	70.000000	0.164961	0.0132992
pR	304.900439	70.000000	0.166085	0.0133217
pR	306.499805	70.000000	0.164714	0.0132943
pR	308.099194	70.000000	0.163033	0.0132607
pR	309.698584	70.000000	0.162191	0.0132438
pR	311.297998	70.000000	0.159913	0.0131983
pR	312.897388	70.000000	0.159242	0.0131848
pR	314.496802	70.000000	0.156897	0.0131379
pR	316.096216	70.000000	0.156691	0.0131338
pR	317.695654	70.000000	0.155723	0.0131145
pR	319.295093	70.000000	0.154907	0.0130981
pR	320.894531	70.000000	0.155152	0.013103
pR	322.493970	70.000000	0.155206	0.0131041
pR	324.093408	70.000000	0.158361	0.0131672
pR	325.692871	70.000000	0.159995	0.0131999
pR	327.292334	70.000000	0.162038	0.0132408
pR	328.891797	70.000000	0.165694	0.0133139
pR	330.491260	70.000000	0.168945	0.0133789
pR	332.090723	70.000000	0.171291	0.0134258
pR	333.690186	70.000000	0.17734	0.0135468
pR	335.289673	70.000000	0.181364	0.0136273
pR	336.889136	70.000000	0.186004	0.0137201
pR	338.488623	70.000000	0.193032	0.0138606
pR	340.088110	70.000000	0.195915	0.0139183
pR	341.687573	70.000000	0.201258	0.0140252
pR	343.287061	70.000000	0.205773	0.0141154
pR	344.886548	70.000000	0.209754	0.0141951
pR	346.486035	70.000000	0.214616	0.0142923
pR	348.085522	70.000000	0.219462	0.0143892
pR	349.684985	70.000000	0.222795	0.0144559
pR	351.284473	70.000000	0.227066	0.0145413
pR	352.883960	70.000000	0.227751	0.014555
pR	354.483423	70.000000	0.230797	0.0146159
pR	356.082910	70.000000	0.232754	0.0146551
pR	357.682373	70.000000	0.23641	0.0147282
pR	359.281860	70.000000	0.236363	0.0147273
pR	360.881323	70.000000	0.23756	0.0147512
pR	362.480786	70.000000	0.239874	0.0147975
pR	364.080249	70.000000	0.241483	0.0148297
pR	365.679712	70.000000	0.240318	0.0148064
pR	367.279175	70.000000	0.241429	0.0148286
pR	368.878613	70.000000	0.240665	0.0148133
pR	370.478052	70.000000	0.24145	0.014829
pR	372.077490	70.000000	0.240418	0.0148084
pR	373.676929	70.000000	0.24059	0.0148118
pR	375.276367	70.000000	0.238631	0.0147726
pR	376.875781	70.000000	0.237518	0.0147504
pR	378.475195	70.000000	0.235245	0.0147049
pR	380.074609	70.000000	0.23462	0.0146924
pR	381.673999	70.000000	0.231639	0.0146328
pR	383.273389	70.000000	0.229563	0.0145913
pR	384.872778	70.000000	0.228975	0.0145795
pR	386.472168	70.000000	0.225104	0.0145021
pR	388.071533	70.000000	0.22342	0.0144684
pR	389.670898	70.000000	0.222787	0.0144557
pR	391.270239	70.000000	0.218127	0.0143625
pR	392.869580	70.000000	0.216317	0.0143263
pR	394.468921	70.000000	0.212759	0.0142552
pR	396.068237	70.000000	0.210419	0.0142084
pR	397.667554	70.000000	0.208985	0.0141797
pR	399.266846	70.000000	0.205992	0.0141198
pR	400.866138	70.000000	0.203854	0.0140771
pR	402.465405	70.000000	0.201379	0.0140276
pR	404.064673	70.000000	0.199224	0.0139845
pR	405.663916	70.000000	0.197231	0.0139446
pR	407.263159	70.000000	0.194808	0.0138962
pR	408.862378	70.000000	0.193169	0.0138634
pR	410.461572	70.000000	0.191102	0.013822
pR	412.060791	70.000000	0.188603	0.0137721
pR	413.659961	70.000000	0.186555	0.0137311
pR	415.259131	70.000000	0.185525	0.0137105
pR	416.858301	70.000000	0.184771	0.0136954
pR	418.457422	70.000000	0.182775	0.0136555
pR	420.056592	70.000000	0.18197	0.0136394
pR	421.655664	70.000000	0.181041	0.0136208
pR	423.254785	70.000000	0.18009	0.0136018
pR	424.853857	70.000000	0.179578	0.0135916
pR	426.452930	70.000000	0.179939	0.0135988
pR	428.051953	70.000000	0.179427	0.0135885
pR	429.650977	70.000000	0.179606	0.0135921
pR	431.250000	70.000000	0.179531	0.0135906
pR	432.848975	70.000000	0.180027	0.0136005
pR	434.447949	70.000000	0.180337	0.0136067
pR	436.046924	70.000000	0.180631	0.0136126
pR	437.645850	70.000000	0.181999	0.01364
pR	439.244727	70.000000	0.1834	0.013668
pR	440.843652	70.000000	0.184258	0.0136852
pR	442.442529	70.000000	0.185891	0.0137178
pR	444.041357	70.000000	0.187542	0.0137508
pR	445.640186	70.000000	0.189003	0.0137801
pR	447.239014	70.000000	0.190627	0.0138125
pR	448.837793	70.000000	0.192564	0.0138513
pR	450.436572	70.000000	0.195425	0.0139085
pR	452.035303	70.000000	0.197022	0.0139404
pR	453.634033	70.000000	0.200345	0.0140069
pR	455.232715	70.000000	0.202632	0.0140526
pR	456.831396	70.000000	0.204682	0.0140936
pR	458.430078	70.000000	0.206971	0.0141394
pR	460.028711	70.000000	0.210061	0.0142012
pR	461.627295	70.000000	0.213107	0.0142621
pR	463.225879	70.000000	0.21516	0.0143032
pR	464.824463	70.000000	0.218451	0.014369
pR	466.422949	70.000000	0.221285	0.0144257
pR	468.021484	70.000000	0.225425	0.0145085
pR	469.619971	70.000000	0.227922	0.0145584
pR	471.218408	70.000000	0.23041	0.0146082
pR	472.816846	70.000000	0.233705	0.0146741
pR	474.415234	70.000000	0.236746	0.0147349
pR	476.013623	70.000000	0.240351	0.014807
pR	477.611963	70.000000	0.243022	0.0148604
pR	479.210254	70.000000	0.2455	0.01491
pR	480.808545	70.000000	0.24974	0.0149948
pR	482.406836	70.000000	0.252886	0.0150577
pR	484.005029	70.000000	0.255389	0.0151078
pR	485.603271	70.000000	0.258934	0.0151787
pR	487.201416	70.000000	0.261302	0.015226
pR	488.799561	70.000000	0.264499	0.01529
pR	490.397656	70.000000	0.26792	0.0153584
pR	491.995752	70.000000	0.270905	0.0154181
pR	493.593799	70.000000	0.273572	0.0154714
pR	495.191846	70.000000	0.275797	0.0155159
pR	496.789795	70.000000	0.278154	0.0155631
pR	498.387744	70.000000	0.281992	0.0156398
pR	499.985693	70.000000	0.28403	0.0156806
pR	501.583594	70.000000	0.287343	0.0157469
pR	503.181445	70.000000	0.290509	0.0158102
pR	504.779248	70.000000	0.293145	0.0158629
pR	506.377051	70.000000	0.295376	0.0159075
pR	507.974805	70.000000	0.297251	0.015945
pR	509.572510	70.000000	0.299596	0.0159919
pR	511.170215	70.000000	0.302272	0.0160454
pR	512.767871	70.000000	0.304315	0.0160863
pR	514.365479	70.000000	0.307362	0.0161472
pR	515.963037	70.000000	0.308604	0.0161721
pR	517.560596	70.000000	0.311039	0.0162208
pR	519.158105	70.000000	0.313034	0.0162607
pR	520.755566	70.000000	0.315266	0.0163053
pR	522.353027	70.000000	0.316771	0.0163354
pR	523.950391	70.000000	0.318665	0.0163733
pR	525.547754	70.000000	0.320053	0.0164011
pR	527.145068	70.000000	0.322242	0.0164448
pR	528.742383	70.000000	0.323282	0.0164656
pR	530.339600	70.000000	0.324739	0.0164948
pR	531.936816	70.000000	0.326723	0.0165345
pR	533.533984	70.000000	0.328261	0.0165652
pR	535.131104	70.000000	0.329247	0.0165849
pR	536.728174	70.000000	0.330876	0.0166175
pR	538.325244	70.000000	0.332145	0.0166429
pR	539.922266	70.000000	0.333326	0.0166665
pR	541.519189	70.000000	0.334334	0.0166867
pR	543.116113	70.000000	0.33497	0.0166994
pR	544.712988	70.000000	0.336584	0.0167317
pR	546.309863	70.000000	0.33818	0.0167636
pR	547.906641	70.000000	0.338475	0.0167695
pR	549.503369	70.000000	0.338893	0.0167779
pR	551.100098	70.000000	0.339742	0.0167948
pR	552.696777	70.000000	0.340927	0.0168185
pR	554.293359	70.000000	0.341352	0.016827
pR	555.889941	70.000000	0.34143	0.0168286
pR	557.486475	70.000000	0.342239	0.0168448
pR	559.082959	70.000000	0.342847	0.0168569
pR	560.679395	70.000000	0.343676	0.0168735
pR	562.275830	70.000000	0.343831	0.0168766
pR	563.872168	70.000000	0.344574	0.0168915
pR	565.468457	70.000000	0.344918	0.0168984
pR	567.064697	70.000000	0.343999	0.01688
pR	568.660938	70.000000	0.345661	0.0169132
pR	570.257080	70.000000	0.345845	0.0169169
pR	571.853223	70.000000	0.346298	0.016926
pR	573.449268	70.000000	0.34648	0.0169296
pR	575.045313	70.000000	0.346313	0.0169263
pR	576.641260	70.000000	0.346198	0.016924
pR	578.237207	70.000000	0.346115	0.0169223
pR	579.833057	70.000000	0.345388	0.0169078
pR	581.428857	70.000000	0.345497	0.0169099
pR	583.024658	70.000000	0.345706	0.0169141
pR	584.620361	70.000000	0.345132	0.0169026
pR	586.216064	70.000000	0.344933	0.0168987
pR	587.811670	70.000000	0.345108	0.0169022
pR	589.407227	70.000000	0.34404	0.0168808
pR	591.002734	70.000000	0.344496	0.0168899
pR	592.598193	70.000000	0.343443	0.0168689
pR	594.193604	70.000000	0.343795	0.0168759
pR	595.788965	70.000000	0.342485	0.0168497
pR	597.384277	70.000000	0.342213	0.0168443
pR	598.979541	70.000000	0.342972	0.0168594
pR	600.574756	70.000000	0.341666	0.0168333
pR	602.169873	70.000000	0.341116	0.0168223
pR	603.764990	70.000000	0.340679	0.0168136
pR	605.360010	70.000000	0.339866	0.0167973
pR	606.954980	70.000000	0.338964	0.0167793
pR	608.549902	70.000000	0.338568	0.0167714
pR	610.144775	70.000000	0.33816	0.0167632
pR	611.739600	70.000000	0.337591	0.0167518
pR	613.334375	70.000000	0.337634	0.0167527
pR	614.929053	70.000000	0.335667	0.0167133
pR	616.523730	70.000000	0.334693	0.0166939
pR	618.118311	70.000000	0.334021	0.0166804
pR	619.712842	70.000000	0.332453	0.0166491
pR	621.307275	70.000000	0.331404	0.0166281
pR	622.901709	70.000000	0.331195	0.0166239
pR	624.496045	70.000000	0.331265	0.0166253
pR	626.090381	70.000000	0.329244	0.0165849
pR	627.684570	70.000000	0.328622	0.0165724
pR	629.278760	70.000000	0.327145	0.0165429
pR	630.872900	70.000000	0.32761	0.0165522
pR	632.466943	70.000000	0.326098	0.016522
pR	634.060938	70.000000	0.32604	0.0165208
pR	635.654883	70.000000	0.323952	0.016479
pR	637.248730	70.000000	0.32343	0.0164686
pR	638.842529	70.000000	0.321896	0.0164379
pR	640.436279	70.000000	0.321101	0.016422
pR	642.029980	70.000000	0.320572	0.0164114
pR	643.623584	70.000000	0.319808	0.0163962
pR	645.217139	70.000000	0.31967	0.0163934
pR	646.810645	70.000000	0.318091	0.0163618
pR	648.404053	70.000000	0.315814	0.0163163
pR	649.997412	70.000000	0.315117	0.0163023
pR	651.590723	70.000000	0.314827	0.0162965
pR	653.183984	70.000000	0.314119	0.0162824
pR	654.777148	70.000000	0.312431	0.0162486
pR	656.370264	70.000000	0.312183	0.0162437
pR	657.963281	70.000000	0.310908	0.0162182
pR	659.556250	70.000000	0.30964	0.0161928
pR	661.149170	70.000000	0.308319	0.0161664
pR	662.741992	70.000000	0.307887	0.0161577
pR	664.334766	70.000000	0.306279	0.0161256
pR	665.927490	70.000000	0.305351	0.016107
pR	667.520117	70.000000	0.304143	0.0160829
pR	669.112695	70.000000	0.303311	0.0160662
pR	670.705176	70.000000	0.302283	0.0160457
pR	672.297607	70.000000	0.30073	0.0160146
pR	673.889990	70.000000	0.299465	0.0159893
pR	675.482275	70.000000	0.299129	0.0159826
pR	677.074512	70.000000	0.298326	0.0159665
pR	678.666650	70.000000	0.296369	0.0159274
pR	680.258740	70.000000	0.295177	0.0159035
pR	681.850732	70.000000	0.294307	0.0158861
pR	683.442676	70.000000	0.293882	0.0158776
pR	685.034521	70.000000	0.292851	0.015857
pR	686.626318	70.000000	0.292062	0.0158412
pR	688.218066	70.000000	0.291793	0.0158359
pR	689.809717	70.000000	0.290093	0.0158019
pR	691.401270	70.000000	0.289701	0.015794
pR	692.992773	70.000000	0.287817	0.0157563
pR	694.584229	70.000000	0.287203	0.0157441
pR	696.175586	70.000000	0.28627	0.0157254
pR	697.766846	70.000000	0.28602	0.0157204
pR	699.358057	70.000000	0.285471	0.0157094
pR	700.949170	70.000000	0.283899	0.015678
pR	702.540234	70.000000	0.282666	0.0156533
pR	704.131201	70.000000	0.281407	0.0156281
pR	705.722119	70.000000	0.279763	0.0155953
pR	707.312939	70.000000	0.279806	0.0155961
pR	708.903711	70.000000	0.279704	0.0155941
pR	710.494385	70.000000	0.277586	0.0155517
pR	712.084961	70.000000	0.277331	0.0155466
pR	713.675488	70.000000	0.276421	0.0155284
pR	715.265918	70.000000	0.2758	0.015516
pR	716.856299	70.000000	0.274019	0.0154804
pR	718.446582	70.000000	0.274262	0.0154852
pR	720.036768	70.000000	0.273718	0.0154744
pR	721.626904	70.000000	0.272076	0.0154415
pR	723.216943	70.000000	0.270724	0.0154145
pR	724.806885	70.000000	0.271456	0.0154291
pR	726.396777	70.000000	0.27034	0.0154068
pR	727.986572	70.000000	0.268877	0.0153775
pR	729.576318	70.000000	0.267623	0.0153525
pR	731.165967	70.000000	0.267839	0.0153568
pR	732.755518	70.000000	0.267494	0.0153499
pR	734.344971	70.000000	0.267262	0.0153452
pR	735.934375	70.000000	0.266864	0.0153373
pR	737.523682	70.000000	0.265836	0.0153167
pR	739.112891	70.000000	0.26465	0.015293
pR	740.702051	70.000000	0.26373	0.0152746
pR	742.291113	70.000000	0.263486	0.0152697
pR	743.880078	70.000000	0.262641	0.0152528
pR	745.468994	70.000000	0.262396	0.0152479
pR	747.057764	70.000000	0.262557	0.0152511
pR	748.646484	70.000000	0.261266	0.0152253
pR	750.235156	70.000000	0.260912	0.0152182
pR	751.823682	70.000000	0.260218	0.0152044
pR	753.412158	70.000000	0.260103	0.0152021
pR	755.000537	70.000000	0.258766	0.0151753
pR	756.588818	70.000000	0.257501	0.01515
pR	758.177002	70.000000	0.257648	0.015153
pR	759.765137	70.000000	0.25813	0.0151626
pR	761.353125	70.000000	0.258311	0.0151662
pR	762.941064	70.000000	0.256597	0.0151319
pR	764.528906	70.000000	0.257137	0.0151427
pR	766.116699	70.000000	0.2582	0.015164
pR	767.704346	70.000000	0.257769	0.0151554
pR	769.291943	70.000000	0.256369	0.0151274
pR	770.879443	70.000000	0.256296	0.0151259
pR	772.466846	70.000000	0.255999	0.01512
pR	774.054150	70.000000	0.255481	0.0151096
pR	775.641357	70.000000	0.255416	0.0151083
pR	777.228467	70.000000	0.254654	0.0150931
pR	778.815527	70.000000	0.254028	0.0150806
pR	780.402441	70.000000	0.253699	0.015074
pR	781.989307	70.000000	0.252233	0.0150447
pR	783.576074	70.000000	0.254518	0.0150904
pR	785.162744	70.000000	0.254042	0.0150808
pR	786.749316	70.000000	0.253281	0.0150656
pR	788.335791	70.000000	0.25255	0.015051
pR	789.922168	70.000000	0.253619	0.0150724
pR	791.508447	70.000000	0.254724	0.0150945
pR	793.094629	70.000000	0.253294	0.0150659
pR	794.680762	70.000000	0.253455	0.0150691
pR	796.266748	70.000000	0.253403	0.0150681
pR	797.852637	70.000000	0.253572	0.0150714
pR	799.438477	70.000000	0.253308	0.0150662
pR	801.024170	70.000000	0.253322	0.0150664
pR	802.609814	70.000000	0.252029	0.0150406
pR	804.195313	70.000000	0.25273	0.0150546
pR	805.780762	70.000000	0.253196	0.0150639
pR	807.366064	70.000000	0.252834	0.0150567
pR	808.951318	70.000000	0.252899	0.015058
pR	810.536426	70.000000	0.252689	0.0150538
pR	812.121484	70.000000	0.253121	0.0150624
pR	813.706396	70.000000	0.252518	0.0150504
pR	815.291211	70.000000	0.253312	0.0150662
pR	816.875977	70.000000	0.254556	0.0150911
pR	818.460596	70.000000	0.253336	0.0150667
pR	820.045117	70.000000	0.252509	0.0150502
pR	821.629590	70.000000	0.253098	0.015062
pR	823.213867	70.000000	0.254713	0.0150943
pR	824.798145	70.000000	0.25383	0.0150766
pR	826.382227	70.000000	0.254323	0.0150865
pR	827.966211	70.000000	0.253795	0.0150759
pR	829.550195	70.000000	0.255197	0.0151039
pR	831.133984	70.000000	0.255243	0.0151049
pR	832.717676	70.000000	0.255584	0.0151117
pR	834.301270	70.000000	0.255111	0.0151022
pR	835.884863	70.000000	0.25581	0.0151162
pR	837.468262	70.000000	0.257028	0.0151406
pR	839.051563	70.000000	0.25802	0.0151604
pR	840.634668	70.000000	0.258032	0.0151606
pR	842.217773	70.000000	0.258891	0.0151778
pR	843.800781	70.000000	0.259636	0.0151927
pR	845.383691	70.000000	0.258154	0.0151631
pR	846.966406	70.000000	0.257639	0.0151528
pR	848.549121	70.000000	0.257192	0.0151438
pR	850.131641	70.000000	0.258936	0.0151787
pR	851.714063	70.000000	0.260067	0.0152013
pR	853.296484	70.000000	0.26009	0.0152018
pR	854.878711	70.000000	0.261191	0.0152238
pR	856.460840	70.000000	0.261511	0.0152302
pR	858.042773	70.000000	0.261299	0.015226
pR	859.624707	70.000000	0.262448	0.015249
pR	861.206543	70.000000	0.262821	0.0152564
pR	862.788184	70.000000	0.262092	0.0152418
pR	864.369824	70.000000	0.262359	0.0152472
pR	865.951270	70.000000	0.264243	0.0152849
pR	867.532617	70.000000	0.263941	0.0152788
pR	869.113867	70.000000	0.263242	0.0152648
pR	870.695020	70.000000	0.264314	0.0152863
pR	872.275977	70.000000	0.263714	0.0152743
pR	873.856934	70.000000	0.264522	0.0152904
pR	875.437695	70.000000	0.265629	0.0153126
pR	877.018359	70.000000	0.265738	0.0153148
pR	878.599023	70.000000	0.267148	0.015343
pR	880.179395	70.000000	0.267618	0.0153524
pR	881.759766	70.000000	0.268889	0.0153778
pR	883.340039	70.000000	0.270819	0.0154164
pR	884.920117	70.000000	0.2725	0.01545
pR	886.500098	70.000000	0.272007	0.0154401
pR	888.079980	70.000000	0.273537	0.0154707
pR	889.659766	70.000000	0.27355	0.015471
pR	891.239453	70.000000	0.272633	0.0154527
pR	892.818945	70.000000	0.272471	0.0154494
pR	894.398438	70.000000	0.272563	0.0154513
pR	895.977734	70.000000	0.274918	0.0154984
pR	897.556934	70.000000	0.27634	0.0155268
pR	899.135938	70.000000	0.275851	0.015517
pR	900.714941	70.000000	0.277409	0.0155482
pR	902.293750	70.000000	0.276566	0.0155313
pR	903.872461	70.000000	0.277201	0.015544
pR	905.451074	70.000000	0.280222	0.0156044
pR	907.029590	70.000000	0.280275	0.0156055
pR	908.607910	70.000000	0.28115	0.015623
pR	910.186133	70.000000	0.281268	0.0156254
pR	911.764258	70.000000	0.280745	0.0156149
pR	913.342285	70.000000	0.281253	0.0156251
pR	914.920117	70.000000	0.282897	0.0156579
pR	916.497852	70.000000	0.282483	0.0156497
pR	918.075488	70.000000	0.282303	0.0156461
pR	919.653027	70.000000	0.284341	0.0156868
pR	921.230469	70.000000	0.286029	0.0157206
pR	922.807715	70.000000	0.286768	0.0157354
pR	924.384863	70.000000	0.287022	0.0157404
pR	925.961914	70.000000	0.289236	0.0157847
pR	927.538770	70.000000	0.289022	0.0157804
pR	929.115527	70.000000	0.289272	0.0157854
pR	930.692188	70.000000	0.290034	0.0158007
pR	932.268750	70.000000	0.292393	0.0158479
pR	933.845117	70.000000	0.291156	0.0158231
pR	935.421387	70.000000	0.292511	0.0158502
pR	936.997559	70.000000	0.293166	0.0158633
pR	938.573535	70.000000	0.294942	0.0158988
pR	940.149414	70.000000	0.296592	0.0159318
pR	941.725195	70.000000	0.298526	0.0159705
pR	943.300879	70.000000	0.296857	0.0159371
pR	944.876367	70.000000	0.299332	0.0159866
pR	946.451758	70.000000	0.300554	0.0160111
pR	948.027051	70.000000	0.299877	0.0159975
pR	949.602148	70.000000	0.303798	0.016076
pR	951.177148	70.000000	0.305306	0.0161061
pR	952.752051	70.000000	0.299971	0.0159994
pR	954.326758	70.000000	0.301603	0.0160321
pR	955.901367	70.000000	0.304404	0.0160881
pR	957.475879	70.000000	0.305355	0.0161071
pR	959.050195	70.000000	0.304443	0.0160889
pR	960.624512	70.000000	0.307038	0.0161408
pR	962.198535	70.000000	0.305329	0.0161066
pR	963.772559	70.000000	0.306359	0.0161272
pR	965.346387	70.000000	0.306356	0.0161271
pR	966.920020	70.000000	0.308447	0.0161689
pR	968.493652	70.000000	0.307761	0.0161552
pR	970.066992	70.000000	0.30899	0.0161798
pR	971.640332	70.000000	0.310964	0.0162193
pR	973.213477	70.000000	0.313585	0.0162717
pR	974.786523	70.000000	0.309904	0.0161981
pR	976.359473	70.000000	0.313648	0.016273
pR	977.932227	70.000000	0.311977	0.0162395
pR	979.504785	70.000000	0.314436	0.0162887
pR	981.077344	70.000000	0.314962	0.0162992
pR	982.649707	70.000000	0.317222	0.0163444
pR	984.221875	70.000000	0.31668	0.0163336
pR	985.793945	70.000000	0.319366	0.0163873
pR	987.365918	70.000000	0.317512	0.0163502
pR	988.937793	70.000000	0.319192	0.0163838
pR	990.509375	70.000000	0.322571	0.0164514
pR	992.080957	70.000000	0.321946	0.0164389
pR	993.652344	70.000000	0.322206	0.0164441
pR	995.223633	70.000000	0.323637	0.0164727
pR	996.794727	70.000000	0.324333	0.0164867
pR	998.365723	70.000000	0.326799	0.016536
pR	999.936523	70.000000	0.326189	0.0165238
pR	1012.422852	70.000000	0.32984	0.0165968
pR	1015.876367	70.000000	0.330289	0.0166058
pR	1019.329297	70.000000	0.331402	0.016628
pR	1022.781836	70.000000	0.333703	0.0166741
pR	1026.233691	70.000000	0.332677	0.0166535
pR	1029.685059	70.000000	0.335071	0.0167014
pR	1033.135938	70.000000	0.33994	0.0167988
pR	1036.586230	70.000000	0.339857	0.0167971
pR	1040.036035	70.000000	0.344237	0.0168847
pR	1043.485352	70.000000	0.343776	0.0168755
pR	1046.934082	70.000000	0.346414	0.0169283
pR	1050.382324	70.000000	0.345862	0.0169172
pR	1053.830078	70.000000	0.347607	0.0169521
pR	1057.277344	70.000000	0.348988	0.0169798
pR	1060.724121	70.000000	0.353273	0.0170655
pR	1064.170410	70.000000	0.354538	0.0170908
pR	1067.616113	70.000000	0.36019	0.0172038
pR	1071.061426	70.000000	0.359199	0.017184
pR	1074.506250	70.000000	0.364248	0.017285
pR	1077.950586	70.000000	0.360547	0.0172109
pR	1081.394434	70.000000	0.369698	0.017394
pR	1084.837891	70.000000	0.362935	0.0172587
pR	1088.280762	70.000000	0.374198	0.017484
pR	1091.723242	70.000000	0.368567	0.0173713
pR	1095.165332	70.000000	0.381449	0.017629
pR	1098.606836	70.000000	0.372929	0.0174586
pR	1102.047949	70.000000	0.383686	0.0176737
pR	1105.488672	70.000000	0.375501	0.01751
pR	1108.928906	70.000000	0.385055	0.0177011
pR	1112.368750	70.000000	0.376846	0.0175369
pR	1115.808105	70.000000	0.38769	0.0177538
pR	1119.247070	70.000000	0.382851	0.017657
pR	1122.685645	70.000000	0.396518	0.0179304
pR	1126.123730	70.000000	0.38907	0.0177814
pR	1129.561426	70.000000	0.399609	0.0179922
pR	1132.998730	70.000000	0.391709	0.0178342
pR	1136.435645	70.000000	0.401508	0.0180302
pR	1139.872168	70.000000	0.393305	0.0178661
pR	1143.308203	70.000000	0.403505	0.0180701
pR	1146.743945	70.000000	0.399176	0.0179835
pR	1150.179297	70.000000	0.40678	0.0181356
pR	1153.614258	70.000000	0.404091	0.0180818
pR	1157.048828	70.000000	0.414482	0.0182896
pR	1160.483008	70.000000	0.409202	0.018184
pR	1163.916797	70.000000	0.41452	0.0182904
pR	1167.350195	70.000000	0.411073	0.0182215
pR	1170.783301	70.000000	0.41432	0.0182864
pR	1174.216016	70.000000	0.412616	0.0182523
pR	1177.648438	70.000000	0.418945	0.0183789
pR	1181.080469	70.000000	0.416483	0.0183297
pR	1184.512109	70.000000	0.424319	0.0184864
pR	1187.943457	70.000000	0.423482	0.0184696
pR	1191.374512	70.000000	0.428165	0.0185633
pR	1194.805176	70.000000	0.424614	0.0184923
pR	1198.235547	70.000000	0.428717	0.0185743
pR	1201.665527	70.000000	0.424624	0.0184925
pR	1205.095215	70.000000	0.428674	0.0185735
pR	1208.524609	70.000000	0.426188	0.0185238
pR	1211.953711	70.000000	0.430588	0.0186118
pR	1215.382422	70.000000	0.430203	0.0186041
pR	1218.810938	70.000000	0.436974	0.0187395
pR	1222.239063	70.000000	0.435782	0.0187156
pR	1225.666895	70.000000	0.440892	0.0188178
pR	1229.094531	70.000000	0.43745	0.018749
pR	1232.521777	70.000000	0.43925	0.018785
pR	1235.948828	70.000000	0.437296	0.0187459
pR	1239.375586	70.000000	0.442324	0.0188465
pR	1242.801953	70.000000	0.436188	0.0187238
pR	1246.228223	70.000000	0.443163	0.0188633
pR	1249.654102	70.000000	0.440999	0.01882
pR	1253.079785	70.000000	0.444354	0.0188871
pR	1256.505176	70.000000	0.444534	0.0188907
pR	1259.930273	70.000000	0.451686	0.0190337
pR	1263.355273	70.000000	0.448916	0.0189783
pR	1266.779883	70.000000	0.452392	0.0190478
pR	1270.204297	70.000000	0.447493	0.0189499
pR	1273.628516	70.000000	0.452892	0.0190578
pR	1277.052441	70.000000	0.450197	0.0190039
pR	1280.476172	70.000000	0.451758	0.0190352
pR	1283.899609	70.000000	0.448023	0.0189605
pR	1287.322949	70.000000	0.453504	0.0190701
pR	1290.745996	70.000000	0.45118	0.0190236
pR	1294.168848	70.000000	0.460285	0.0192057
pR	1297.591504	70.000000	0.458211	0.0191642
pR	1301.013965	70.000000	0.463857	0.0192771
pR	1304.436230	70.000000	0.456771	0.0191354
pR	1307.858301	70.000000	0.460919	0.0192184
pR	1311.280078	70.000000	0.456407	0.0191281
pR	1314.701758	70.000000	0.46123	0.0192246
pR	1318.123340	70.000000	0.45562	0.0191124
pR	1321.544629	70.000000	0.461309	0.0192262
pR	1324.965723	70.000000	0.455767	0.0191153
pR	1328.386719	70.000000	0.461326	0.0192265
pR	1331.807520	70.000000	0.458419	0.0191684
pR	1335.228223	70.000000	0.46966	0.0193932
pR	1338.648730	70.000000	0.465386	0.0193077
pR	1342.069043	70.000000	0.474672	0.0194934
pR	1345.489258	70.000000	0.467074	0.0193415
pR	1348.909277	70.000000	0.472505	0.0194501
pR	1352.329199	70.000000	0.463367	0.0192673
pR	1355.749023	70.000000	0.472859	0.0194572
pR	1359.168652	70.000000	0.458316	0.0191663
pR	1362.588184	70.000000	0.467266	0.0193453
pR	1366.007617	70.000000	0.454497	0.0190899
pR	1369.426855	70.000000	0.470746	0.0194149
pR	1372.845996	70.000000	0.461113	0.0192223
pR	1376.265039	70.000000	0.474811	0.0194962
pR	1379.684082	70.000000	0.465598	0.019312
pR	1383.102930	70.000000	0.48203	0.0196406
pR	1386.521680	70.000000	0.469966	0.0193993
pR	1389.940332	70.000000	0.480955	0.0196191
pR	1393.358887	70.000000	0.465205	0.0193041
pR	1396.777344	70.000000	0.480516	0.0196103
pR	1400.195801	70.000000	0.466158	0.0193232
pR	1403.614063	70.000000	0.477222	0.0195444
pR	1407.032324	70.000000	0.465576	0.0193115
pR	1410.450586	70.000000	0.476665	0.0195333
pR	1413.868652	70.000000	0.464545	0.0192909
pR	1417.286719	70.000000	0.484139	0.0196828
pR	1420.704785	70.000000	0.470246	0.0194049
pR	1424.122754	70.000000	0.487575	0.0197515
pR	1427.540625	70.000000	0.474588	0.0194918
pR	1430.958496	70.000000	0.488913	0.0197783
pR	1434.376367	70.000000	0.480907	0.0196181
pR	1437.794141	70.000000	0.492378	0.0198476
pR	1441.211914	70.000000	0.477948	0.019559
pR	1444.629688	70.000000	0.489662	0.0197932
pR	1448.047363	70.000000	0.47412	0.0194824
pR	1451.465039	70.000000	0.485612	0.0197122
pR	1454.882813	70.000000	0.472432	0.0194486
pR	1458.300488	70.000000	0.486605	0.0197321
pR	1461.718164	70.000000	0.472178	0.0194436
pR	1465.135840	70.000000	0.488916	0.0197783
pR	1468.553516	70.000000	0.473833	0.0194767
pR	1471.971191	70.000000	0.495341	0.0199068
pR	1475.388867	70.000000	0.48142	0.0196284
pR	1478.806543	70.000000	0.501969	0.0200394
pR	1482.224316	70.000000	0.486252	0.019725
pR	1485.642090	70.000000	0.499182	0.0199836
pR	1489.059863	70.000000	0.482041	0.0196408
pR	1492.477734	70.000000	0.497367	0.0199473
pR	1495.895508	70.000000	0.482213	0.0196443
pR	1499.313477	70.000000	0.498415	0.0199683
pR	1502.731445	70.000000	0.482785	0.0196557
pR	1506.149414	70.000000	0.495046	0.0199009
pR	1509.567480	70.000000	0.480655	0.0196131
pR	1512.985547	70.000000	0.496107	0.0199221
pR	1516.403711	70.000000	0.484294	0.0196859
pR	1519.821973	70.000000	0.502329	0.0200466
pR	1523.240234	70.000000	0.48921	0.0197842
pR	1526.658691	70.000000	0.500612	0.0200122
pR	1530.077148	70.000000	0.495729	0.0199146
pR	1533.495703	70.000000	0.50817	0.0201634
pR	1536.914258	70.000000	0.493269	0.0198654
pR	1540.333008	70.000000	0.503433	0.0200687
pR	1543.751855	70.000000	0.495853	0.0199171
pR	1547.170801	70.000000	0.500242	0.0200048
pR	1550.589844	70.000000	0.48912	0.0197824
pR	1554.008887	70.000000	0.501409	0.0200282
pR	1557.428223	70.000000	0.486538	0.0197308
pR	1560.847559	70.000000	0.496257	0.0199251
pR	1564.266992	70.000000	0.486808	0.0197362
pR	1567.686621	70.000000	0.497039	0.0199408
pR	1571.106348	70.000000	0.493338	0.0198668
pR	1574.526270	70.000000	0.500178	0.0200036
pR	1577.946289	70.000000	0.497461	0.0199492
pR	1581.366406	70.000000	0.498889	0.0199778
pR	1584.786719	70.000000	0.499275	0.0199855
pR	1588.207227	70.000000	0.504178	0.0200836
pR	1591.627832	70.000000	0.500777	0.0200155
pR	1595.048535	70.000000	0.499835	0.0199967
pR	1598.469531	70.000000	0.502074	0.0200415
pR	1601.890625	70.000000	0.497041	0.0199408
pR	1605.311816	70.000000	0.500059	0.0200012
pR	1608.733301	70.000000	0.495078	0.0199015
pR	1612.154883	70.000000	0.495243	0.0199049
pR	1615.576758	70.000000	0.495128	0.0199026
pR	1618.998730	70.000000	0.494316	0.0198863
pR	1622.420898	70.000000	0.48753	0.0197506
pR	1625.843262	70.000000	0.49033	0.0198066
pR	1629.265918	70.000000	0.497711	0.0199542
pR	1632.688672	70.000000	0.495909	0.0199182
pR	1636.111719	70.000000	0.498549	0.019971
pR	1639.534961	70.000000	0.498218	0.0199644
pR	1642.958398	70.000000	0.502881	0.0200576
pR	1646.382031	70.000000	0.504228	0.0200846
pR	1649.805859	70.000000	0.510401	0.020208
pR	1653.230078	70.000000	0.509759	0.0201952
pR	1656.654297	70.000000	0.507511	0.0201502
pR	1660.078906	70.000000	0.502598	0.020052
pR	1663.503711	70.000000	0.50671	0.0201342
pR	1666.928906	70.000000	0.502223	0.0200445
pR	1670.354102	70.000000	0.504777	0.0200955
pR	1673.779688	70.000000	0.501149	0.020023
pR	1677.205664	70.000000	0.506727	0.0201345
pR	1680.631641	70.000000	0.49632	0.0199264
pR	1684.058008	70.000000	0.506335	0.0201267
pR	1687.484766	70.000000	0.497349	0.019947
pR	1690.911719	70.000000	0.509802	0.020196
pR	1694.338867	70.000000	0.494155	0.0198831
pR	1697.766406	70.000000	0.507296	0.0201459
pR	245.732520	75.000000	0.0187853	0.0103757
pR	247.331348	75.000000	0.0171664	0.0103433
pR	248.930176	75.000000	0.0167168	0.0103343
pR	250.529053	75.000000	0.0158331	0.0103167
pR	252.127954	75.000000	0.0154704	0.0103094
pR	253.726855	75.000000	0.0144849	0.0102897
pR	255.325781	75.000000	0.0138997	0.010278
pR	256.924731	75.000000	0.0134117	0.0102682
pR	258.523706	75.000000	0.0136515	0.010273
pR	260.122681	75.000000	0.0143477	0.010287
pR	261.721680	75.000000	0.0152035	0.0103041
pR	263.320703	75.000000	0.0153608	0.0103072
pR	264.919751	75.000000	0.0171613	0.0103432
pR	266.518799	75.000000	0.0177367	0.0103547
pR	268.117871	75.000000	0.0184916	0.0103698
pR	269.716968	75.000000	0.017421	0.0103484
pR	271.316089	75.000000	0.0153844	0.0103077
pR	272.915210	75.000000	0.00892159	0.0101784
pR	274.514331	75.000000	0.00557664	0.0101115
pR	276.113501	75.000000	0.00248263	0.0100497
pR	277.712646	75.000000	0.00351945	0.0100704
pR	279.311841	75.000000	0.00879405	0.0101759
pR	280.911035	75.000000	0.0230691	0.0104614
pR	282.510254	75.000000	0.0389732	0.0107795
pR	284.109473	75.000000	0.0646973	0.0112939
pR	285.708716	75.000000	0.0942994	0.011886
pR	287.307959	75.000000	0.124784	0.0124957
pR	288.907202	75.000000	0.15214	0.0130428
pR	290.506494	75.000000	0.178595	0.0135719
pR	292.105762	75.000000	0.198675	0.0139735
pR	293.705078	75.000000	0.212827	0.0142565
pR	295.304370	75.000000	0.221981	0.0144396
pR	296.903687	75.000000	0.223969	0.0144794
pR	298.503027	75.000000	0.220005	0.0144001
pR	300.102368	75.000000	0.213942	0.0142788
pR	301.701709	75.000000	0.201596	0.0140319
pR	303.301074	75.000000	0.187973	0.0137595
pR	304.900439	75.000000	0.172554	0.0134511
pR	306.499805	75.000000	0.155631	0.0131126
pR	308.099194	75.000000	0.138157	0.0127631
pR	309.698584	75.000000	0.122527	0.0124505
pR	311.297998	75.000000	0.1068	0.012136
pR	312.897388	75.000000	0.0955748	0.0119115
pR	314.496802	75.000000	0.085544	0.0117109
pR	316.096216	75.000000	0.0803685	0.0116074
pR	317.695654	75.000000	0.0784815	0.0115696
pR	319.295093	75.000000	0.0800524	0.011601
pR	320.894531	75.000000	0.0853558	0.0117071
pR	322.493970	75.000000	0.0919312	0.0118386
pR	324.093408	75.000000	0.103068	0.0120614
pR	325.692871	75.000000	0.115947	0.0123189
pR	327.292334	75.000000	0.128977	0.0125795
pR	328.891797	75.000000	0.145354	0.0129071
pR	330.491260	75.000000	0.160084	0.0132017
pR	332.090723	75.000000	0.176225	0.0135245
pR	333.690186	75.000000	0.194364	0.0138873
pR	335.289673	75.000000	0.209637	0.0141927
pR	336.889136	75.000000	0.223954	0.0144791
pR	338.488623	75.000000	0.237907	0.0147581
pR	340.088110	75.000000	0.251319	0.0150264
pR	341.687573	75.000000	0.263865	0.0152773
pR	343.287061	75.000000	0.275506	0.0155101
pR	344.886548	75.000000	0.287161	0.0157432
pR	346.486035	75.000000	0.295518	0.0159104
pR	348.085522	75.000000	0.304343	0.0160869
pR	349.684985	75.000000	0.31241	0.0162482
pR	351.284473	75.000000	0.318019	0.0163604
pR	352.883960	75.000000	0.322182	0.0164436
pR	354.483423	75.000000	0.327335	0.0165467
pR	356.082910	75.000000	0.331033	0.0166207
pR	357.682373	75.000000	0.333279	0.0166656
pR	359.281860	75.000000	0.334977	0.0166995
pR	360.881323	75.000000	0.335744	0.0167149
pR	362.480786	75.000000	0.335649	0.016713
pR	364.080249	75.000000	0.334935	0.0166987
pR	365.679712	75.000000	0.332606	0.0166521
pR	367.279175	75.000000	0.330125	0.0166025
pR	368.878613	75.000000	0.327891	0.0165578
pR	370.478052	75.000000	0.325657	0.0165131
pR	372.077490	75.000000	0.320973	0.0164195
pR	373.676929	75.000000	0.318133	0.0163627
pR	375.276367	75.000000	0.310726	0.0162145
pR	376.875781	75.000000	0.306645	0.0161329
pR	378.475195	75.000000	0.301271	0.0160254
pR	380.074609	75.000000	0.295556	0.0159111
pR	381.673999	75.000000	0.288343	0.0157668
pR	383.273389	75.000000	0.280565	0.0156113
pR	384.872778	75.000000	0.273167	0.0154633
pR	386.472168	75.000000	0.266435	0.0153287
pR	388.071533	75.000000	0.257238	0.0151448
pR	389.670898	75.000000	0.249767	0.0149953
pR	391.270239	75.000000	0.240896	0.0148179
pR	392.869580	75.000000	0.232904	0.0146581
pR	394.468921	75.000000	0.223841	0.0144768
pR	396.068237	75.000000	0.215615	0.0143123
pR	397.667554	75.000000	0.206587	0.0141317
pR	399.266846	75.000000	0.197148	0.013943
pR	400.866138	75.000000	0.189726	0.0137945
pR	402.465405	75.000000	0.181221	0.0136244
pR	404.064673	75.000000	0.172662	0.0134532
pR	405.663916	75.000000	0.163975	0.0132795
pR	407.263159	75.000000	0.156576	0.0131315
pR	408.862378	75.000000	0.148668	0.0129734
pR	410.461572	75.000000	0.140588	0.0128118
pR	412.060791	75.000000	0.135411	0.0127082
pR	413.659961	75.000000	0.129364	0.0125873
pR	415.259131	75.000000	0.123551	0.012471
pR	416.858301	75.000000	0.118754	0.0123751
pR	418.457422	75.000000	0.113404	0.0122681
pR	420.056592	75.000000	0.110023	0.0122005
pR	421.655664	75.000000	0.105973	0.0121195
pR	423.254785	75.000000	0.102259	0.0120452
pR	424.853857	75.000000	0.100555	0.0120111
pR	426.452930	75.000000	0.0989509	0.011979
pR	428.051953	75.000000	0.0978711	0.0119574
pR	429.650977	75.000000	0.0980017	0.01196
pR	431.250000	75.000000	0.0977425	0.0119548
pR	432.848975	75.000000	0.098249	0.011965
pR	434.447949	75.000000	0.0999132	0.0119983
pR	436.046924	75.000000	0.10207	0.0120414
pR	437.645850	75.000000	0.105171	0.0121034
pR	439.244727	75.000000	0.107918	0.0121584
pR	440.843652	75.000000	0.111965	0.0122393
pR	442.442529	75.000000	0.116231	0.0123246
pR	444.041357	75.000000	0.121224	0.0124245
pR	445.640186	75.000000	0.125681	0.0125136
pR	447.239014	75.000000	0.131423	0.0126285
pR	448.837793	75.000000	0.137321	0.0127464
pR	450.436572	75.000000	0.143736	0.0128747
pR	452.035303	75.000000	0.1498	0.012996
pR	453.634033	75.000000	0.156382	0.0131276
pR	455.232715	75.000000	0.16382	0.0132764
pR	456.831396	75.000000	0.170527	0.0134105
pR	458.430078	75.000000	0.177553	0.0135511
pR	460.028711	75.000000	0.185114	0.0137023
pR	461.627295	75.000000	0.192402	0.013848
pR	463.225879	75.000000	0.200131	0.0140026
pR	464.824463	75.000000	0.207428	0.0141486
pR	466.422949	75.000000	0.215504	0.0143101
pR	468.021484	75.000000	0.222441	0.0144488
pR	469.619971	75.000000	0.230446	0.0146089
pR	471.218408	75.000000	0.237119	0.0147424
pR	472.816846	75.000000	0.243958	0.0148792
pR	474.415234	75.000000	0.252254	0.0150451
pR	476.013623	75.000000	0.259566	0.0151913
pR	477.611963	75.000000	0.266513	0.0153303
pR	479.210254	75.000000	0.273504	0.0154701
pR	480.808545	75.000000	0.280711	0.0156142
pR	482.406836	75.000000	0.28679	0.0157358
pR	484.005029	75.000000	0.294023	0.0158805
pR	485.603271	75.000000	0.300525	0.0160105
pR	487.201416	75.000000	0.306613	0.0161323
pR	488.799561	75.000000	0.312675	0.0162535
pR	490.397656	75.000000	0.318753	0.0163751
pR	491.995752	75.000000	0.325462	0.0165092
pR	493.593799	75.000000	0.329806	0.0165961
pR	495.191846	75.000000	0.335227	0.0167045
pR	496.789795	75.000000	0.341282	0.0168256
pR	498.387744	75.000000	0.346549	0.016931
pR	499.985693	75.000000	0.352018	0.0170404
pR	501.583594	75.000000	0.356633	0.0171327
pR	503.181445	75.000000	0.361539	0.0172308
pR	504.779248	75.000000	0.366639	0.0173328
pR	506.377051	75.000000	0.370682	0.0174136
pR	507.974805	75.000000	0.374323	0.0174865
pR	509.572510	75.000000	0.377907	0.0175581
pR	511.170215	75.000000	0.382374	0.0176475
pR	512.767871	75.000000	0.386798	0.017736
pR	514.365479	75.000000	0.390461	0.0178092
pR	515.963037	75.000000	0.394061	0.0178812
pR	517.560596	75.000000	0.397768	0.0179554
pR	519.158105	75.000000	0.400354	0.0180071
pR	520.755566	75.000000	0.404343	0.0180869
pR	522.353027	75.000000	0.406987	0.0181397
pR	523.950391	75.000000	0.409056	0.0181811
pR	525.547754	75.000000	0.412217	0.0182443
pR	527.145068	75.000000	0.41355	0.018271
pR	528.742383	75.000000	0.416234	0.0183247
pR	530.339600	75.000000	0.418184	0.0183637
pR	531.936816	75.000000	0.420975	0.0184195
pR	533.533984	75.000000	0.42325	0.018465
pR	535.131104	75.000000	0.424765	0.0184953
pR	536.728174	75.000000	0.42627	0.0185254
pR	538.325244	75.000000	0.427511	0.0185502
pR	539.922266	75.000000	0.429075	0.0185815
pR	541.519189	75.000000	0.432161	0.0186432
pR	543.116113	75.000000	0.432977	0.0186595
pR	544.712988	75.000000	0.43394	0.0186788
pR	546.309863	75.000000	0.435069	0.0187014
pR	547.906641	75.000000	0.436353	0.0187271
pR	549.503369	75.000000	0.438189	0.0187638
pR	551.100098	75.000000	0.437546	0.0187509
pR	552.696777	75.000000	0.43744	0.0187488
pR	554.293359	75.000000	0.439379	0.0187876
pR	555.889941	75.000000	0.439765	0.0187953
pR	557.486475	75.000000	0.440043	0.0188009
pR	559.082959	75.000000	0.439402	0.018788
pR	560.679395	75.000000	0.440353	0.0188071
pR	562.275830	75.000000	0.440769	0.0188154
pR	563.872168	75.000000	0.441118	0.0188224
pR	565.468457	75.000000	0.440186	0.0188037
pR	567.064697	75.000000	0.440042	0.0188008
pR	568.660938	75.000000	0.441472	0.0188294
pR	570.257080	75.000000	0.440951	0.018819
pR	571.853223	75.000000	0.440392	0.0188078
pR	573.449268	75.000000	0.440589	0.0188118
pR	575.045313	75.000000	0.440166	0.0188033
pR	576.641260	75.000000	0.43913	0.0187826
pR	578.237207	75.000000	0.438948	0.018779
pR	579.833057	75.000000	0.438023	0.0187605
pR	581.428857	75.000000	0.437451	0.018749
pR	583.024658	75.000000	0.436504	0.0187301
pR	584.620361	75.000000	0.435448	0.018709
pR	586.216064	75.000000	0.435134	0.0187027
pR	587.811670	75.000000	0.434217	0.0186843
pR	589.407227	75.000000	0.432172	0.0186434
pR	591.002734	75.000000	0.431959	0.0186392
pR	592.598193	75.000000	0.430109	0.0186022
pR	594.193604	75.000000	0.429565	0.0185913
pR	595.788965	75.000000	0.427944	0.0185589
pR	597.384277	75.000000	0.427137	0.0185427
pR	598.979541	75.000000	0.425777	0.0185155
pR	600.574756	75.000000	0.423498	0.01847
pR	602.169873	75.000000	0.421883	0.0184377
pR	603.764990	75.000000	0.420442	0.0184088
pR	605.360010	75.000000	0.418694	0.0183739
pR	606.954980	75.000000	0.41738	0.0183476
pR	608.549902	75.000000	0.415273	0.0183055
pR	610.144775	75.000000	0.414536	0.0182907
pR	611.739600	75.000000	0.412389	0.0182478
pR	613.334375	75.000000	0.410328	0.0182066
pR	614.929053	75.000000	0.40837	0.0181674
pR	616.523730	75.000000	0.406136	0.0181227
pR	618.118311	75.000000	0.403459	0.0180692
pR	619.712842	75.000000	0.402719	0.0180544
pR	621.307275	75.000000	0.400867	0.0180173
pR	622.901709	75.000000	0.398406	0.0179681
pR	624.496045	75.000000	0.396324	0.0179265
pR	626.090381	75.000000	0.393063	0.0178613
pR	627.684570	75.000000	0.391327	0.0178265
pR	629.278760	75.000000	0.389288	0.0177858
pR	630.872900	75.000000	0.386909	0.0177382
pR	632.466943	75.000000	0.384014	0.0176803
pR	634.060938	75.000000	0.382247	0.0176449
pR	635.654883	75.000000	0.37938	0.0175876
pR	637.248730	75.000000	0.377318	0.0175464
pR	638.842529	75.000000	0.375035	0.0175007
pR	640.436279	75.000000	0.372957	0.0174591
pR	642.029980	75.000000	0.370592	0.0174118
pR	643.623584	75.000000	0.368916	0.0173783
pR	645.217139	75.000000	0.366171	0.0173234
pR	646.810645	75.000000	0.36371	0.0172742
pR	648.404053	75.000000	0.359444	0.0171889
pR	649.997412	75.000000	0.35738	0.0171476
pR	651.590723	75.000000	0.355261	0.0171052
pR	653.183984	75.000000	0.353389	0.0170678
pR	654.777148	75.000000	0.349098	0.016982
pR	656.370264	75.000000	0.347183	0.0169437
pR	657.963281	75.000000	0.345421	0.0169084
pR	659.556250	75.000000	0.342471	0.0168494
pR	661.149170	75.000000	0.33868	0.0167736
pR	662.741992	75.000000	0.336732	0.0167346
pR	664.334766	75.000000	0.334597	0.0166919
pR	665.927490	75.000000	0.3307	0.016614
pR	667.520117	75.000000	0.32768	0.0165536
pR	669.112695	75.000000	0.324073	0.0164815
pR	670.705176	75.000000	0.320947	0.0164189
pR	672.297607	75.000000	0.319256	0.0163851
pR	673.889990	75.000000	0.317495	0.0163499
pR	675.482275	75.000000	0.314719	0.0162944
pR	677.074512	75.000000	0.311701	0.016234
pR	678.666650	75.000000	0.308576	0.0161715
pR	680.258740	75.000000	0.305233	0.0161047
pR	681.850732	75.000000	0.301777	0.0160355
pR	683.442676	75.000000	0.299881	0.0159976
pR	685.034521	75.000000	0.296815	0.0159363
pR	686.626318	75.000000	0.294804	0.0158961
pR	688.218066	75.000000	0.292394	0.0158479
pR	689.809717	75.000000	0.288696	0.0157739
pR	691.401270	75.000000	0.286852	0.015737
pR	692.992773	75.000000	0.28367	0.0156734
pR	694.584229	75.000000	0.280414	0.0156083
pR	696.175586	75.000000	0.277755	0.0155551
pR	697.766846	75.000000	0.275588	0.0155118
pR	699.358057	75.000000	0.273432	0.0154686
pR	700.949170	75.000000	0.270062	0.0154012
pR	702.540234	75.000000	0.26694	0.0153388
pR	704.131201	75.000000	0.264259	0.0152852
pR	705.722119	75.000000	0.260805	0.0152161
pR	707.312939	75.000000	0.25835	0.015167
pR	708.903711	75.000000	0.256327	0.0151265
pR	710.494385	75.000000	0.253965	0.0150793
pR	712.084961	75.000000	0.251006	0.0150201
pR	713.675488	75.000000	0.248043	0.0149609
pR	715.265918	75.000000	0.245229	0.0149046
pR	716.856299	75.000000	0.243246	0.0148649
pR	718.446582	75.000000	0.241016	0.0148203
pR	720.036768	75.000000	0.238233	0.0147647
pR	721.626904	75.000000	0.235917	0.0147183
pR	723.216943	75.000000	0.233876	0.0146775
pR	724.806885	75.000000	0.231209	0.0146242
pR	726.396777	75.000000	0.228759	0.0145752
pR	727.986572	75.000000	0.226189	0.0145238
pR	729.576318	75.000000	0.223142	0.0144628
pR	731.165967	75.000000	0.220636	0.0144127
pR	732.755518	75.000000	0.219172	0.0143834
pR	734.344971	75.000000	0.216481	0.0143296
pR	735.934375	75.000000	0.214903	0.0142981
pR	737.523682	75.000000	0.212942	0.0142588
pR	739.112891	75.000000	0.211043	0.0142209
pR	740.702051	75.000000	0.208289	0.0141658
pR	742.291113	75.000000	0.205732	0.0141146
pR	743.880078	75.000000	0.203456	0.0140691
pR	745.468994	75.000000	0.201471	0.0140294
pR	747.057764	75.000000	0.199628	0.0139926
pR	748.646484	75.000000	0.198044	0.0139609
pR	750.235156	75.000000	0.196959	0.0139392
pR	751.823682	75.000000	0.195141	0.0139028
pR	753.412158	75.000000	0.193001	0.01386
pR	755.000537	75.000000	0.191679	0.0138336
pR	756.588818	75.000000	0.189128	0.0137826
pR	758.177002	75.000000	0.187827	0.0137565
pR	759.765137	75.000000	0.186776	0.0137355
pR	761.353125	75.000000	0.185317	0.0137063
pR	762.941064	75.000000	0.18339	0.0136678
pR	764.528906	75.000000	0.182624	0.0136525
pR	766.116699	75.000000	0.181507	0.0136301
pR	767.704346	75.000000	0.179109	0.0135822
pR	769.291943	75.000000	0.177544	0.0135509
pR	770.879443	75.000000	0.176727	0.0135345
pR	772.466846	75.000000	0.175276	0.0135055
pR	774.054150	75.000000	0.174417	0.0134883
pR	775.641357	75.000000	0.172703	0.0134541
pR	777.228467	75.000000	0.171674	0.0134335
pR	778.815527	75.000000	0.170437	0.0134087
pR	780.402441	75.000000	0.169578	0.0133916
pR	781.989307	75.000000	0.168451	0.013369
pR	783.576074	75.000000	0.167783	0.0133557
pR	785.162744	75.000000	0.166754	0.0133351
pR	786.749316	75.000000	0.165905	0.0133181
pR	788.335791	75.000000	0.165131	0.0133026
pR	789.922168	75.000000	0.164671	0.0132934
pR	791.508447	75.000000	0.163846	0.0132769
pR	793.094629	75.000000	0.162474	0.0132495
pR	794.680762	75.000000	0.162902	0.013258
pR	796.266748	75.000000	0.162215	0.0132443
pR	797.852637	75.000000	0.161225	0.0132245
pR	799.438477	75.000000	0.161356	0.0132271
pR	801.024170	75.000000	0.160526	0.0132105
pR	802.609814	75.000000	0.160233	0.0132047
pR	804.195313	75.000000	0.159912	0.0131982
pR	805.780762	75.000000	0.160254	0.0132051
pR	807.366064	75.000000	0.160637	0.0132127
pR	808.951318	75.000000	0.160425	0.0132085
pR	810.536426	75.000000	0.159844	0.0131969
pR	812.121484	75.000000	0.159014	0.0131803
pR	813.706396	75.000000	0.158803	0.0131761
pR	815.291211	75.000000	0.15954	0.0131908
pR	816.875977	75.000000	0.159735	0.0131947
pR	818.460596	75.000000	0.159529	0.0131906
pR	820.045117	75.000000	0.15919	0.0131838
pR	821.629590	75.000000	0.159817	0.0131963
pR	823.213867	75.000000	0.159791	0.0131958
pR	824.798145	75.000000	0.15996	0.0131992
pR	826.382227	75.000000	0.161303	0.0132261
pR	827.966211	75.000000	0.16033	0.0132066
pR	829.550195	75.000000	0.162203	0.0132441
pR	831.133984	75.000000	0.162499	0.01325
pR	832.717676	75.000000	0.161537	0.0132307
pR	834.301270	75.000000	0.162215	0.0132443
pR	835.884863	75.000000	0.16307	0.0132614
pR	837.468262	75.000000	0.164373	0.0132875
pR	839.051563	75.000000	0.165134	0.0133027
pR	840.634668	75.000000	0.166149	0.013323
pR	842.217773	75.000000	0.166915	0.0133383
pR	843.800781	75.000000	0.167085	0.0133417
pR	845.383691	75.000000	0.167577	0.0133515
pR	846.966406	75.000000	0.168155	0.0133631
pR	848.549121	75.000000	0.16784	0.0133568
pR	850.131641	75.000000	0.169412	0.0133882
pR	851.714063	75.000000	0.171109	0.0134222
pR	853.296484	75.000000	0.170942	0.0134188
pR	854.878711	75.000000	0.172522	0.0134504
pR	856.460840	75.000000	0.17393	0.0134786
pR	858.042773	75.000000	0.175179	0.0135036
pR	859.624707	75.000000	0.174401	0.013488
pR	861.206543	75.000000	0.176875	0.0135375
pR	862.788184	75.000000	0.177299	0.013546
pR	864.369824	75.000000	0.17827	0.0135654
pR	865.951270	75.000000	0.180027	0.0136005
pR	867.532617	75.000000	0.180179	0.0136036
pR	869.113867	75.000000	0.181346	0.0136269
pR	870.695020	75.000000	0.18325	0.013665
pR	872.275977	75.000000	0.18413	0.0136826
pR	873.856934	75.000000	0.18576	0.0137152
pR	875.437695	75.000000	0.187079	0.0137416
pR	877.018359	75.000000	0.187981	0.0137596
pR	878.599023	75.000000	0.190326	0.0138065
pR	880.179395	75.000000	0.190518	0.0138104
pR	881.759766	75.000000	0.1924	0.013848
pR	883.340039	75.000000	0.193591	0.0138718
pR	884.920117	75.000000	0.195851	0.013917
pR	886.500098	75.000000	0.196678	0.0139336
pR	888.079980	75.000000	0.199112	0.0139822
pR	889.659766	75.000000	0.201059	0.0140212
pR	891.239453	75.000000	0.20109	0.0140218
pR	892.818945	75.000000	0.20376	0.0140752
pR	894.398438	75.000000	0.203533	0.0140707
pR	895.977734	75.000000	0.206041	0.0141208
pR	897.556934	75.000000	0.208107	0.0141621
pR	899.135938	75.000000	0.209491	0.0141898
pR	900.714941	75.000000	0.210015	0.0142003
pR	902.293750	75.000000	0.212159	0.0142432
pR	903.872461	75.000000	0.2142	0.014284
pR	905.451074	75.000000	0.216211	0.0143242
pR	907.029590	75.000000	0.216593	0.0143319
pR	908.607910	75.000000	0.218209	0.0143642
pR	910.186133	75.000000	0.220057	0.0144011
pR	911.764258	75.000000	0.221743	0.0144349
pR	913.342285	75.000000	0.223268	0.0144654
pR	914.920117	75.000000	0.223831	0.0144766
pR	916.497852	75.000000	0.226543	0.0145309
pR	918.075488	75.000000	0.227903	0.0145581
pR	919.653027	75.000000	0.229459	0.0145892
pR	921.230469	75.000000	0.23181	0.0146362
pR	922.807715	75.000000	0.23279	0.0146558
pR	924.384863	75.000000	0.235516	0.0147103
pR	925.961914	75.000000	0.237075	0.0147415
pR	927.538770	75.000000	0.237993	0.0147599
pR	929.115527	75.000000	0.238435	0.0147687
pR	930.692188	75.000000	0.241514	0.0148303
pR	932.268750	75.000000	0.244154	0.0148831
pR	933.845117	75.000000	0.245357	0.0149071
pR	935.421387	75.000000	0.247257	0.0149451
pR	936.997559	75.000000	0.248698	0.014974
pR	938.573535	75.000000	0.249766	0.0149953
pR	940.149414	75.000000	0.25194	0.0150388
pR	941.725195	75.000000	0.253082	0.0150616
pR	943.300879	75.000000	0.257486	0.0151497
pR	944.876367	75.000000	0.258895	0.0151779
pR	946.451758	75.000000	0.257391	0.0151478
pR	948.027051	75.000000	0.26201	0.0152402
pR	949.602148	75.000000	0.264485	0.0152897
pR	951.177148	75.000000	0.268886	0.0153777
pR	952.752051	75.000000	0.267103	0.0153421
pR	954.326758	75.000000	0.267273	0.0153455
pR	955.901367	75.000000	0.269572	0.0153914
pR	957.475879	75.000000	0.272388	0.0154478
pR	959.050195	75.000000	0.273364	0.0154673
pR	960.624512	75.000000	0.276224	0.0155245
pR	962.198535	75.000000	0.276686	0.0155337
pR	963.772559	75.000000	0.279023	0.0155805
pR	965.346387	75.000000	0.280809	0.0156162
pR	966.920020	75.000000	0.284116	0.0156823
pR	968.493652	75.000000	0.284688	0.0156938
pR	970.066992	75.000000	0.285494	0.0157099
pR	971.640332	75.000000	0.286536	0.0157307
pR	973.213477	75.000000	0.28937	0.0157874
pR	974.786523	75.000000	0.290438	0.0158088
pR	976.359473	75.000000	0.292403	0.0158481
pR	977.932227	75.000000	0.293109	0.0158622
pR	979.504785	75.000000	0.294797	0.0158959
pR	981.077344	75.000000	0.29777	0.0159554
pR	982.649707	75.000000	0.299441	0.0159888
pR	984.221875	75.000000	0.300761	0.0160152
pR	985.793945	75.000000	0.302111	0.0160422
pR	987.365918	75.000000	0.30274	0.0160548
pR	988.937793	75.000000	0.306905	0.0161381
pR	990.509375	75.000000	0.308919	0.0161784
pR	992.080957	75.000000	0.308028	0.0161606
pR	993.652344	75.000000	0.311151	0.016223
pR	995.223633	75.000000	0.314236	0.0162847
pR	996.794727	75.000000	0.313496	0.0162699
pR	998.365723	75.000000	0.316333	0.0163267
pR	999.936523	75.000000	0.31865	0.016373
pR	1012.422852	75.000000	0.328508	0.0165702
pR	1015.876367	75.000000	0.333326	0.0166665
pR	1019.329297	75.000000	0.336536	0.0167307
pR	1022.781836	75.000000	0.339387	0.0167877
pR	1026.233691	75.000000	0.340056	0.0168011
pR	1029.685059	75.000000	0.344246	0.0168849
pR	1033.135938	75.000000	0.350163	0.0170033
pR	1036.586230	75.000000	0.354302	0.017086
pR	1040.036035	75.000000	0.357485	0.0171497
pR	1043.485352	75.000000	0.360345	0.0172069
pR	1046.934082	75.000000	0.363754	0.0172751
pR	1050.382324	75.000000	0.364488	0.0172898
pR	1053.830078	75.000000	0.368035	0.0173607
pR	1057.277344	75.000000	0.371455	0.0174291
pR	1060.724121	75.000000	0.375799	0.017516
pR	1064.170410	75.000000	0.379946	0.0175989
pR	1067.616113	75.000000	0.386181	0.0177236
pR	1071.061426	75.000000	0.38644	0.0177288
pR	1074.506250	75.000000	0.392763	0.0178553
pR	1077.950586	75.000000	0.390299	0.017806
pR	1081.394434	75.000000	0.400607	0.0180121
pR	1084.837891	75.000000	0.395141	0.0179028
pR	1088.280762	75.000000	0.409102	0.018182
pR	1091.723242	75.000000	0.403071	0.0180614
pR	1095.165332	75.000000	0.417851	0.018357
pR	1098.606836	75.000000	0.411325	0.0182265
pR	1102.047949	75.000000	0.423155	0.0184631
pR	1105.488672	75.000000	0.413658	0.0182732
pR	1108.928906	75.000000	0.427309	0.0185462
pR	1112.368750	75.000000	0.417694	0.0183539
pR	1115.808105	75.000000	0.431685	0.0186337
pR	1119.247070	75.000000	0.426245	0.0185249
pR	1122.685645	75.000000	0.442546	0.0188509
pR	1126.123730	75.000000	0.434461	0.0186892
pR	1129.561426	75.000000	0.449302	0.018986
pR	1132.998730	75.000000	0.440002	0.0188
pR	1136.435645	75.000000	0.448966	0.0189793
pR	1139.872168	75.000000	0.443441	0.0188688
pR	1143.308203	75.000000	0.455838	0.0191168
pR	1146.743945	75.000000	0.451503	0.0190301
pR	1150.179297	75.000000	0.460968	0.0192194
pR	1153.614258	75.000000	0.459548	0.019191
pR	1157.048828	75.000000	0.468294	0.0193659
pR	1160.483008	75.000000	0.464142	0.0192828
pR	1163.916797	75.000000	0.471659	0.0194332
pR	1167.350195	75.000000	0.468222	0.0193644
pR	1170.783301	75.000000	0.473377	0.0194675
pR	1174.216016	75.000000	0.472327	0.0194465
pR	1177.648438	75.000000	0.477255	0.0195451
pR	1181.080469	75.000000	0.475432	0.0195086
pR	1184.512109	75.000000	0.486271	0.0197254
pR	1187.943457	75.000000	0.485335	0.0197067
pR	1191.374512	75.000000	0.491377	0.0198275
pR	1194.805176	75.000000	0.48922	0.0197844
pR	1198.235547	75.000000	0.493617	0.0198723
pR	1201.665527	75.000000	0.491399	0.019828
pR	1205.095215	75.000000	0.49335	0.019867
pR	1208.524609	75.000000	0.491567	0.0198313
pR	1211.953711	75.000000	0.497197	0.0199439
pR	1215.382422	75.000000	0.497407	0.0199481
pR	1218.810938	75.000000	0.502945	0.0200589
pR	1222.239063	75.000000	0.503012	0.0200602
pR	1225.666895	75.000000	0.508114	0.0201623
pR	1229.094531	75.000000	0.505772	0.0201154
pR	1232.521777	75.000000	0.510593	0.0202119
pR	1235.948828	75.000000	0.507834	0.0201567
pR	1239.375586	75.000000	0.512194	0.0202439
pR	1242.801953	75.000000	0.506186	0.0201237
pR	1246.228223	75.000000	0.512979	0.0202596
pR	1249.654102	75.000000	0.510519	0.0202104
pR	1253.079785	75.000000	0.517006	0.0203401
pR	1256.505176	75.000000	0.516983	0.0203397
pR	1259.930273	75.000000	0.525871	0.0205174
pR	1263.355273	75.000000	0.521522	0.0204304
pR	1266.779883	75.000000	0.526622	0.0205324
pR	1270.204297	75.000000	0.521424	0.0204285
pR	1273.628516	75.000000	0.527664	0.0205533
pR	1277.052441	75.000000	0.522054	0.0204411
pR	1280.476172	75.000000	0.528754	0.0205751
pR	1283.899609	75.000000	0.52346	0.0204692
pR	1287.322949	75.000000	0.530528	0.0206106
pR	1290.745996	75.000000	0.526531	0.0205306
pR	1294.168848	75.000000	0.537669	0.0207534
pR	1297.591504	75.000000	0.534409	0.0206882
pR	1301.013965	75.000000	0.545325	0.0209065
pR	1304.436230	75.000000	0.535602	0.020712
pR	1307.858301	75.000000	0.539433	0.0207887
pR	1311.280078	75.000000	0.53345	0.020669
pR	1314.701758	75.000000	0.536516	0.0207303
pR	1318.123340	75.000000	0.532381	0.0206476
pR	1321.544629	75.000000	0.540604	0.0208121
pR	1324.965723	75.000000	0.537433	0.0207487
pR	1328.386719	75.000000	0.542191	0.0208438
pR	1331.807520	75.000000	0.539508	0.0207902
pR	1335.228223	75.000000	0.552734	0.0210547
pR	1338.648730	75.000000	0.545107	0.0209021
pR	1342.069043	75.000000	0.555076	0.0211015
pR	1345.489258	75.000000	0.548319	0.0209664
pR	1348.909277	75.000000	0.554151	0.021083
pR	1352.329199	75.000000	0.542697	0.0208539
pR	1355.749023	75.000000	0.552375	0.0210475
pR	1359.168652	75.000000	0.537304	0.0207461
pR	1362.588184	75.000000	0.5486	0.020972
pR	1366.007617	75.000000	0.53538	0.0207076
pR	1369.426855	75.000000	0.553222	0.0210644
pR	1372.845996	75.000000	0.540178	0.0208036
pR	1376.265039	75.000000	0.558186	0.0211637
pR	1379.684082	75.000000	0.548656	0.0209731
pR	1383.102930	75.000000	0.568427	0.0213685
pR	1386.521680	75.000000	0.555422	0.0211084
pR	1389.940332	75.000000	0.565806	0.0213161
pR	1393.358887	75.000000	0.54742	0.0209484
pR	1396.777344	75.000000	0.562966	0.0212593
pR	1400.195801	75.000000	0.545471	0.0209094
pR	1403.614063	75.000000	0.56043	0.0212086
pR	1407.032324	75.000000	0.548206	0.0209641
pR	1410.450586	75.000000	0.559916	0.0211983
pR	1413.868652	75.000000	0.547651	0.020953
pR	1417.286719	75.000000	0.566339	0.0213268
pR	1420.704785	75.000000	0.554594	0.0210919
pR	1424.122754	75.000000	0.572153	0.0214431
pR	1427.540625	75.000000	0.562128	0.0212426
pR	1430.958496	75.000000	0.577295	0.0215459
pR	1434.376367	75.000000	0.565011	0.0213002
pR	1437.794141	75.000000	0.579475	0.0215895
pR	1441.211914	75.000000	0.56049	0.0212098
pR	1444.629688	75.000000	0.572062	0.0214412
pR	1448.047363	75.000000	0.559504	0.0211901
pR	1451.465039	75.000000	0.570358	0.0214072
pR	1454.882813	75.000000	0.554524	0.0210905
pR	1458.300488	75.000000	0.57212	0.0214424
pR	1461.718164	75.000000	0.555385	0.0211077
pR	1465.135840	75.000000	0.57452	0.0214904
pR	1468.553516	75.000000	0.55962	0.0211924
pR	1471.971191	75.000000	0.583228	0.0216646
pR	1475.388867	75.000000	0.566916	0.0213383
pR	1478.806543	75.000000	0.590209	0.0218042
pR	1482.224316	75.000000	0.571036	0.0214207
pR	1485.642090	75.000000	0.585237	0.0217047
pR	1489.059863	75.000000	0.567934	0.0213587
pR	1492.477734	75.000000	0.580716	0.0216143
pR	1495.895508	75.000000	0.562288	0.0212458
pR	1499.313477	75.000000	0.578051	0.021561
pR	1502.731445	75.000000	0.564001	0.02128
pR	1506.149414	75.000000	0.580639	0.0216128
pR	1509.567480	75.000000	0.565323	0.0213065
pR	1512.985547	75.000000	0.579705	0.0215941
pR	1516.403711	75.000000	0.565302	0.021306
pR	1519.821973	75.000000	0.585681	0.0217136
pR	1523.240234	75.000000	0.577949	0.021559
pR	1526.658691	75.000000	0.588832	0.0217766
pR	1530.077148	75.000000	0.579559	0.0215912
pR	1533.495703	75.000000	0.596082	0.0219216
pR	1536.914258	75.000000	0.5823	0.021646
pR	1540.333008	75.000000	0.5948	0.021896
pR	1543.751855	75.000000	0.579736	0.0215947
pR	1547.170801	75.000000	0.586387	0.0217277
pR	1550.589844	75.000000	0.571486	0.0214297
pR	1554.008887	75.000000	0.585875	0.0217175
pR	1557.428223	75.000000	0.569311	0.0213862
pR	1560.847559	75.000000	0.5828	0.021656
pR	1564.266992	75.000000	0.573915	0.0214783
pR	1567.686621	75.000000	0.585003	0.0217001
pR	1571.106348	75.000000	0.578968	0.0215794
pR	1574.526270	75.000000	0.584668	0.0216934
pR	1577.946289	75.000000	0.584982	0.0216996
pR	1581.366406	75.000000	0.583052	0.021661
pR	1584.786719	75.000000	0.586538	0.0217308
pR	1588.207227	75.000000	0.585859	0.0217172
pR	1591.627832	75.000000	0.5853	0.021706
pR	1595.048535	75.000000	0.587784	0.0217557
pR	1598.469531	75.000000	0.587319	0.0217464
pR	1601.890625	75.000000	0.582585	0.0216517
pR	1605.311816	75.000000	0.587638	0.0217528
pR	1608.733301	75.000000	0.582568	0.0216514
pR	1612.154883	75.000000	0.581163	0.0216233
pR	1615.576758	75.000000	0.57569	0.0215138
pR	1618.998730	75.000000	0.577143	0.0215429
pR	1622.420898	75.000000	0.575144	0.0215029
pR	1625.843262	75.000000	0.574324	0.0214865
pR	1629.265918	75.000000	0.577005	0.0215401
pR	1632.688672	75.000000	0.582225	0.0216445
pR	1636.111719	75.000000	0.587957	0.0217591
pR	1639.534961	75.000000	0.585862	0.0217172
pR	1642.958398	75.000000	0.588265	0.0217653
pR	1646.382031	75.000000	0.590394	0.0218079
pR	1649.805859	75.000000	0.598194	0.0219639
pR	1653.230078	75.000000	0.594557	0.0218911
pR	1656.654297	75.000000	0.59654	0.0219308
pR	1660.078906	75.000000	0.59316	0.0218632
pR	1663.503711	75.000000	0.597474	0.0219495
pR	1666.928906	75.000000	0.587833	0.0217567
pR	1670.354102	75.000000	0.588292	0.0217658
pR	1673.779688	75.000000	0.58646	0.0217292
pR	1677.205664	75.000000	0.594564	0.0218913
pR	1680.631641	75.000000	0.58411	0.0216822
pR	1684.058008	75.000000	0.593974	0.0218795
pR	1687.484766	75.000000	0.587651	0.021753
pR	1690.911719	75.000000	0.592536	0.0218507
pR	1694.338867	75.000000	0.580791	0.0216158
pR	1697.766406	75.000000	0.594455	0.0218891