OTS on Ta2O5 10 mm 02/26/07 rp 90deg
RTmethod[PolRT=-0.08, RevsRT=100, WVASE=3.616, HardVer=17.034, Mon Feb 26 11:31:29 2007]
Original[ots_ta2o5_10mm_02262007_rp_90deg.dat]
nm
pR	245.732520	45.000000	0.133731	0.0126746
pR	247.331348	45.000000	0.13277	0.0126554
pR	248.930176	45.000000	0.130922	0.0126184
pR	250.529053	45.000000	0.128969	0.0125794
pR	252.127954	45.000000	0.127471	0.0125494
pR	253.726855	45.000000	0.125056	0.0125011
pR	255.325781	45.000000	0.123331	0.0124666
pR	256.924731	45.000000	0.120947	0.0124189
pR	258.523706	45.000000	0.119391	0.0123878
pR	260.122681	45.000000	0.116873	0.0123375
pR	261.721680	45.000000	0.114547	0.0122909
pR	263.320703	45.000000	0.112948	0.012259
pR	264.919751	45.000000	0.112476	0.0122495
pR	266.518799	45.000000	0.114163	0.0122833
pR	268.117871	45.000000	0.117983	0.0123597
pR	269.716968	45.000000	0.124264	0.0124853
pR	271.316089	45.000000	0.13221	0.0126442
pR	272.915210	45.000000	0.138821	0.0127764
pR	274.514331	45.000000	0.14127	0.0128254
pR	276.113501	45.000000	0.138089	0.0127618
pR	277.712646	45.000000	0.126337	0.0125267
pR	279.311841	45.000000	0.106582	0.0121316
pR	280.911035	45.000000	0.0792062	0.0115841
pR	282.510254	45.000000	0.0517776	0.0110356
pR	284.109473	45.000000	0.0290952	0.0105819
pR	285.708716	45.000000	0.0138832	0.0102777
pR	287.307959	45.000000	0.0241475	0.010483
pR	288.907202	45.000000	0.0476196	0.0109524
pR	290.506494	45.000000	0.0902206	0.0118044
pR	292.105762	45.000000	0.144028	0.0128806
pR	293.705078	45.000000	0.198998	0.01398
pR	295.304370	45.000000	0.246486	0.0149297
pR	296.903687	45.000000	0.288998	0.01578
pR	298.503027	45.000000	0.321002	0.01642
pR	300.102368	45.000000	0.342374	0.0168475
pR	301.701709	45.000000	0.355296	0.0171059
pR	303.301074	45.000000	0.358513	0.0171703
pR	304.900439	45.000000	0.356895	0.0171379
pR	306.499805	45.000000	0.346518	0.0169304
pR	308.099194	45.000000	0.330533	0.0166107
pR	309.698584	45.000000	0.311199	0.016224
pR	311.297998	45.000000	0.285228	0.0157046
pR	312.897388	45.000000	0.256985	0.0151397
pR	314.496802	45.000000	0.224779	0.0144956
pR	316.096216	45.000000	0.192267	0.0138453
pR	317.695654	45.000000	0.159713	0.0131943
pR	319.295093	45.000000	0.129916	0.0125983
pR	320.894531	45.000000	0.103491	0.0120698
pR	322.493970	45.000000	0.0811067	0.0116221
pR	324.093408	45.000000	0.063834	0.0112767
pR	325.692871	45.000000	0.0540236	0.0110805
pR	327.292334	45.000000	0.050714	0.0110143
pR	328.891797	45.000000	0.054591	0.0110918
pR	330.491260	45.000000	0.0639238	0.0112785
pR	332.090723	45.000000	0.0786558	0.0115731
pR	333.690186	45.000000	0.0973881	0.0119478
pR	335.289673	45.000000	0.119308	0.0123862
pR	336.889136	45.000000	0.143103	0.0128621
pR	338.488623	45.000000	0.167056	0.0133411
pR	340.088110	45.000000	0.191994	0.0138399
pR	341.687573	45.000000	0.215154	0.0143031
pR	343.287061	45.000000	0.238706	0.0147741
pR	344.886548	45.000000	0.261008	0.0152202
pR	346.486035	45.000000	0.279905	0.0155981
pR	348.085522	45.000000	0.298877	0.0159775
pR	349.684985	45.000000	0.315992	0.0163198
pR	351.284473	45.000000	0.330234	0.0166047
pR	352.883960	45.000000	0.341716	0.0168343
pR	354.483423	45.000000	0.35383	0.0170766
pR	356.082910	45.000000	0.363685	0.0172737
pR	357.682373	45.000000	0.370296	0.0174059
pR	359.281860	45.000000	0.376644	0.0175329
pR	360.881323	45.000000	0.380555	0.0176111
pR	362.480786	45.000000	0.38461	0.0176922
pR	364.080249	45.000000	0.386508	0.0177302
pR	365.679712	45.000000	0.387236	0.0177447
pR	367.279175	45.000000	0.387463	0.0177493
pR	368.878613	45.000000	0.385222	0.0177044
pR	370.478052	45.000000	0.381169	0.0176234
pR	372.077490	45.000000	0.376485	0.0175297
pR	373.676929	45.000000	0.373285	0.0174657
pR	375.276367	45.000000	0.367574	0.0173515
pR	376.875781	45.000000	0.360958	0.0172192
pR	378.475195	45.000000	0.354757	0.0170951
pR	380.074609	45.000000	0.347804	0.0169561
pR	381.673999	45.000000	0.339416	0.0167883
pR	383.273389	45.000000	0.33008	0.0166016
pR	384.872778	45.000000	0.319598	0.016392
pR	386.472168	45.000000	0.309394	0.0161879
pR	388.071533	45.000000	0.297189	0.0159438
pR	389.670898	45.000000	0.286024	0.0157205
pR	391.270239	45.000000	0.274132	0.0154826
pR	392.869580	45.000000	0.261298	0.015226
pR	394.468921	45.000000	0.248827	0.0149765
pR	396.068237	45.000000	0.235559	0.0147112
pR	397.667554	45.000000	0.2238	0.014476
pR	399.266846	45.000000	0.211018	0.0142204
pR	400.866138	45.000000	0.199473	0.0139895
pR	402.465405	45.000000	0.186828	0.0137366
pR	404.064673	45.000000	0.174775	0.0134955
pR	405.663916	45.000000	0.163396	0.0132679
pR	407.263159	45.000000	0.152649	0.013053
pR	408.862378	45.000000	0.143194	0.0128639
pR	410.461572	45.000000	0.133903	0.0126781
pR	412.060791	45.000000	0.124738	0.0124948
pR	413.659961	45.000000	0.117763	0.0123553
pR	415.259131	45.000000	0.111222	0.0122244
pR	416.858301	45.000000	0.106512	0.0121302
pR	418.457422	45.000000	0.102299	0.012046
pR	420.056592	45.000000	0.0992934	0.0119859
pR	421.655664	45.000000	0.0974482	0.011949
pR	423.254785	45.000000	0.0960514	0.011921
pR	424.853857	45.000000	0.0963975	0.011928
pR	426.452930	45.000000	0.0978184	0.0119564
pR	428.051953	45.000000	0.100551	0.012011
pR	429.650977	45.000000	0.104634	0.0120927
pR	431.250000	45.000000	0.108961	0.0121792
pR	432.848975	45.000000	0.114972	0.0122994
pR	434.447949	45.000000	0.121245	0.0124249
pR	436.046924	45.000000	0.12861	0.0125722
pR	437.645850	45.000000	0.136199	0.012724
pR	439.244727	45.000000	0.144845	0.0128969
pR	440.843652	45.000000	0.153844	0.0130769
pR	442.442529	45.000000	0.162947	0.0132589
pR	444.041357	45.000000	0.172613	0.0134523
pR	445.640186	45.000000	0.182404	0.0136481
pR	447.239014	45.000000	0.192373	0.0138475
pR	448.837793	45.000000	0.203134	0.0140627
pR	450.436572	45.000000	0.212787	0.0142557
pR	452.035303	45.000000	0.222806	0.0144561
pR	453.634033	45.000000	0.232999	0.01466
pR	455.232715	45.000000	0.243059	0.0148612
pR	456.831396	45.000000	0.253349	0.015067
pR	458.430078	45.000000	0.262866	0.0152573
pR	460.028711	45.000000	0.272431	0.0154486
pR	461.627295	45.000000	0.281962	0.0156392
pR	463.225879	45.000000	0.291548	0.015831
pR	464.824463	45.000000	0.299967	0.0159993
pR	466.422949	45.000000	0.308829	0.0161766
pR	468.021484	45.000000	0.317121	0.0163424
pR	469.619971	45.000000	0.324539	0.0164908
pR	471.218408	45.000000	0.332995	0.0166599
pR	472.816846	45.000000	0.340616	0.0168123
pR	474.415234	45.000000	0.348087	0.0169617
pR	476.013623	45.000000	0.355991	0.0171198
pR	477.611963	45.000000	0.361777	0.0172355
pR	479.210254	45.000000	0.368501	0.01737
pR	480.808545	45.000000	0.374322	0.0174864
pR	482.406836	45.000000	0.380132	0.0176026
pR	484.005029	45.000000	0.385393	0.0177079
pR	485.603271	45.000000	0.39164	0.0178328
pR	487.201416	45.000000	0.396097	0.0179219
pR	488.799561	45.000000	0.39981	0.0179962
pR	490.397656	45.000000	0.404911	0.0180982
pR	491.995752	45.000000	0.409112	0.0181822
pR	493.593799	45.000000	0.412222	0.0182444
pR	495.191846	45.000000	0.415046	0.0183009
pR	496.789795	45.000000	0.419235	0.0183847
pR	498.387744	45.000000	0.423063	0.0184613
pR	499.985693	45.000000	0.426571	0.0185314
pR	501.583594	45.000000	0.428213	0.0185643
pR	503.181445	45.000000	0.430877	0.0186175
pR	504.779248	45.000000	0.432855	0.0186571
pR	506.377051	45.000000	0.434547	0.0186909
pR	507.974805	45.000000	0.435935	0.0187187
pR	509.572510	45.000000	0.437708	0.0187542
pR	511.170215	45.000000	0.439341	0.0187868
pR	512.767871	45.000000	0.440936	0.0188187
pR	514.365479	45.000000	0.441176	0.0188235
pR	515.963037	45.000000	0.441284	0.0188257
pR	517.560596	45.000000	0.441925	0.0188385
pR	519.158105	45.000000	0.44316	0.0188632
pR	520.755566	45.000000	0.443149	0.018863
pR	522.353027	45.000000	0.442727	0.0188545
pR	523.950391	45.000000	0.442177	0.0188435
pR	525.547754	45.000000	0.442682	0.0188536
pR	527.145068	45.000000	0.442497	0.0188499
pR	528.742383	45.000000	0.441431	0.0188286
pR	530.339600	45.000000	0.439721	0.0187944
pR	531.936816	45.000000	0.439509	0.0187902
pR	533.533984	45.000000	0.439305	0.0187861
pR	535.131104	45.000000	0.437108	0.0187422
pR	536.728174	45.000000	0.435715	0.0187143
pR	538.325244	45.000000	0.433789	0.0186758
pR	539.922266	45.000000	0.432464	0.0186493
pR	541.519189	45.000000	0.430707	0.0186141
pR	543.116113	45.000000	0.428342	0.0185668
pR	544.712988	45.000000	0.426862	0.0185372
pR	546.309863	45.000000	0.424384	0.0184877
pR	547.906641	45.000000	0.420787	0.0184157
pR	549.503369	45.000000	0.418778	0.0183756
pR	551.100098	45.000000	0.416579	0.0183316
pR	552.696777	45.000000	0.413864	0.0182773
pR	554.293359	45.000000	0.411142	0.0182228
pR	555.889941	45.000000	0.408306	0.0181661
pR	557.486475	45.000000	0.405409	0.0181082
pR	559.082959	45.000000	0.402493	0.0180499
pR	560.679395	45.000000	0.398626	0.0179725
pR	562.275830	45.000000	0.394535	0.0178907
pR	563.872168	45.000000	0.392116	0.0178423
pR	565.468457	45.000000	0.388324	0.0177665
pR	567.064697	45.000000	0.38495	0.017699
pR	568.660938	45.000000	0.381016	0.0176203
pR	570.257080	45.000000	0.377542	0.0175508
pR	571.853223	45.000000	0.372548	0.017451
pR	573.449268	45.000000	0.369026	0.0173805
pR	575.045313	45.000000	0.365513	0.0173103
pR	576.641260	45.000000	0.361377	0.0172275
pR	578.237207	45.000000	0.356616	0.0171323
pR	579.833057	45.000000	0.352522	0.0170504
pR	581.428857	45.000000	0.347641	0.0169528
pR	583.024658	45.000000	0.3444	0.016888
pR	584.620361	45.000000	0.339906	0.0167981
pR	586.216064	45.000000	0.335342	0.0167068
pR	587.811670	45.000000	0.331302	0.0166261
pR	589.407227	45.000000	0.32685	0.016537
pR	591.002734	45.000000	0.321534	0.0164307
pR	592.598193	45.000000	0.316684	0.0163337
pR	594.193604	45.000000	0.313037	0.0162607
pR	595.788965	45.000000	0.308791	0.0161758
pR	597.384277	45.000000	0.304122	0.0160824
pR	598.979541	45.000000	0.299192	0.0159838
pR	600.574756	45.000000	0.294965	0.0158993
pR	602.169873	45.000000	0.290224	0.0158045
pR	603.764990	45.000000	0.286009	0.0157202
pR	605.360010	45.000000	0.282061	0.0156412
pR	606.954980	45.000000	0.277388	0.0155478
pR	608.549902	45.000000	0.272275	0.0154455
pR	610.144775	45.000000	0.267914	0.0153583
pR	611.739600	45.000000	0.263871	0.0152774
pR	613.334375	45.000000	0.259238	0.0151848
pR	614.929053	45.000000	0.25553	0.0151106
pR	616.523730	45.000000	0.25131	0.0150262
pR	618.118311	45.000000	0.246402	0.014928
pR	619.712842	45.000000	0.242973	0.0148595
pR	621.307275	45.000000	0.239019	0.0147804
pR	622.901709	45.000000	0.235002	0.0147
pR	624.496045	45.000000	0.230903	0.0146181
pR	626.090381	45.000000	0.226879	0.0145376
pR	627.684570	45.000000	0.22277	0.0144554
pR	629.278760	45.000000	0.219201	0.014384
pR	630.872900	45.000000	0.216219	0.0143244
pR	632.466943	45.000000	0.213027	0.0142605
pR	634.060938	45.000000	0.210088	0.0142018
pR	635.654883	45.000000	0.206825	0.0141365
pR	637.248730	45.000000	0.203567	0.0140713
pR	638.842529	45.000000	0.200478	0.0140096
pR	640.436279	45.000000	0.19768	0.0139536
pR	642.029980	45.000000	0.195051	0.013901
pR	643.623584	45.000000	0.193277	0.0138655
pR	645.217139	45.000000	0.190794	0.0138159
pR	646.810645	45.000000	0.187917	0.0137583
pR	648.404053	45.000000	0.185477	0.0137095
pR	649.997412	45.000000	0.183576	0.0136715
pR	651.590723	45.000000	0.181467	0.0136293
pR	653.183984	45.000000	0.179992	0.0135998
pR	654.777148	45.000000	0.178505	0.0135701
pR	656.370264	45.000000	0.17685	0.013537
pR	657.963281	45.000000	0.175603	0.0135121
pR	659.556250	45.000000	0.173872	0.0134774
pR	661.149170	45.000000	0.172522	0.0134504
pR	662.741992	45.000000	0.172033	0.0134407
pR	664.334766	45.000000	0.171405	0.0134281
pR	665.927490	45.000000	0.170906	0.0134181
pR	667.520117	45.000000	0.170459	0.0134092
pR	669.112695	45.000000	0.169321	0.0133864
pR	670.705176	45.000000	0.168535	0.0133707
pR	672.297607	45.000000	0.168894	0.0133779
pR	673.889990	45.000000	0.169044	0.0133809
pR	675.482275	45.000000	0.169769	0.0133954
pR	677.074512	45.000000	0.17031	0.0134062
pR	678.666650	45.000000	0.17077	0.0134154
pR	680.258740	45.000000	0.170754	0.0134151
pR	681.850732	45.000000	0.171624	0.0134325
pR	683.442676	45.000000	0.171992	0.0134398
pR	685.034521	45.000000	0.172908	0.0134582
pR	686.626318	45.000000	0.173622	0.0134724
pR	688.218066	45.000000	0.175069	0.0135014
pR	689.809717	45.000000	0.176029	0.0135206
pR	691.401270	45.000000	0.177281	0.0135456
pR	692.992773	45.000000	0.178224	0.0135645
pR	694.584229	45.000000	0.180162	0.0136032
pR	696.175586	45.000000	0.182065	0.0136413
pR	697.766846	45.000000	0.183696	0.0136739
pR	699.358057	45.000000	0.185134	0.0137027
pR	700.949170	45.000000	0.18752	0.0137504
pR	702.540234	45.000000	0.189086	0.0137817
pR	704.131201	45.000000	0.190991	0.0138198
pR	705.722119	45.000000	0.193304	0.0138661
pR	707.312939	45.000000	0.196101	0.013922
pR	708.903711	45.000000	0.198465	0.0139693
pR	710.494385	45.000000	0.200028	0.0140006
pR	712.084961	45.000000	0.202692	0.0140538
pR	713.675488	45.000000	0.204995	0.0140999
pR	715.265918	45.000000	0.207976	0.0141595
pR	716.856299	45.000000	0.210222	0.0142044
pR	718.446582	45.000000	0.211698	0.014234
pR	720.036768	45.000000	0.214497	0.0142899
pR	721.626904	45.000000	0.216981	0.0143396
pR	723.216943	45.000000	0.220836	0.0144167
pR	724.806885	45.000000	0.224289	0.0144858
pR	726.396777	45.000000	0.227894	0.0145579
pR	727.986572	45.000000	0.228864	0.0145773
pR	729.576318	45.000000	0.231469	0.0146294
pR	731.165967	45.000000	0.234522	0.0146904
pR	732.755518	45.000000	0.238024	0.0147605
pR	734.344971	45.000000	0.24161	0.0148322
pR	735.934375	45.000000	0.243798	0.014876
pR	737.523682	45.000000	0.246631	0.0149326
pR	739.112891	45.000000	0.24913	0.0149826
pR	740.702051	45.000000	0.25218	0.0150436
pR	742.291113	45.000000	0.255669	0.0151134
pR	743.880078	45.000000	0.257688	0.0151538
pR	745.468994	45.000000	0.260633	0.0152127
pR	747.057764	45.000000	0.263853	0.0152771
pR	748.646484	45.000000	0.267464	0.0153493
pR	750.235156	45.000000	0.271055	0.0154211
pR	751.823682	45.000000	0.273336	0.0154667
pR	753.412158	45.000000	0.276603	0.0155321
pR	755.000537	45.000000	0.280081	0.0156016
pR	756.588818	45.000000	0.282655	0.0156531
pR	758.177002	45.000000	0.285256	0.0157051
pR	759.765137	45.000000	0.288215	0.0157643
pR	761.353125	45.000000	0.292002	0.01584
pR	762.941064	45.000000	0.295391	0.0159078
pR	764.528906	45.000000	0.298793	0.0159759
pR	766.116699	45.000000	0.302761	0.0160552
pR	767.704346	45.000000	0.305861	0.0161172
pR	769.291943	45.000000	0.30776	0.0161552
pR	770.879443	45.000000	0.309935	0.0161987
pR	772.466846	45.000000	0.313419	0.0162684
pR	774.054150	45.000000	0.315956	0.0163191
pR	775.641357	45.000000	0.319354	0.0163871
pR	777.228467	45.000000	0.322633	0.0164527
pR	778.815527	45.000000	0.325498	0.01651
pR	780.402441	45.000000	0.328694	0.0165739
pR	781.989307	45.000000	0.332354	0.0166471
pR	783.576074	45.000000	0.333514	0.0166703
pR	785.162744	45.000000	0.336428	0.0167286
pR	786.749316	45.000000	0.338782	0.0167756
pR	788.335791	45.000000	0.341982	0.0168396
pR	789.922168	45.000000	0.344329	0.0168866
pR	791.508447	45.000000	0.346904	0.0169381
pR	793.094629	45.000000	0.350157	0.0170031
pR	794.680762	45.000000	0.352993	0.0170599
pR	796.266748	45.000000	0.354414	0.0170883
pR	797.852637	45.000000	0.357276	0.0171455
pR	799.438477	45.000000	0.360505	0.0172101
pR	801.024170	45.000000	0.362577	0.0172515
pR	802.609814	45.000000	0.365786	0.0173157
pR	804.195313	45.000000	0.368081	0.0173616
pR	805.780762	45.000000	0.368856	0.0173771
pR	807.366064	45.000000	0.372426	0.0174485
pR	808.951318	45.000000	0.377213	0.0175443
pR	810.536426	45.000000	0.37782	0.0175564
pR	812.121484	45.000000	0.37979	0.0175958
pR	813.706396	45.000000	0.381932	0.0176386
pR	815.291211	45.000000	0.38405	0.017681
pR	816.875977	45.000000	0.386933	0.0177387
pR	818.460596	45.000000	0.389433	0.0177887
pR	820.045117	45.000000	0.39007	0.0178014
pR	821.629590	45.000000	0.394671	0.0178934
pR	823.213867	45.000000	0.396371	0.0179274
pR	824.798145	45.000000	0.397834	0.0179567
pR	826.382227	45.000000	0.402164	0.0180433
pR	827.966211	45.000000	0.403104	0.0180621
pR	829.550195	45.000000	0.404399	0.018088
pR	831.133984	45.000000	0.406087	0.0181217
pR	832.717676	45.000000	0.408322	0.0181664
pR	834.301270	45.000000	0.41135	0.018227
pR	835.884863	45.000000	0.412146	0.0182429
pR	837.468262	45.000000	0.414194	0.0182839
pR	839.051563	45.000000	0.416806	0.0183361
pR	840.634668	45.000000	0.418213	0.0183643
pR	842.217773	45.000000	0.420892	0.0184178
pR	843.800781	45.000000	0.422608	0.0184522
pR	845.383691	45.000000	0.425917	0.0185183
pR	846.966406	45.000000	0.427129	0.0185426
pR	848.549121	45.000000	0.427643	0.0185529
pR	850.131641	45.000000	0.430027	0.0186005
pR	851.714063	45.000000	0.432746	0.0186549
pR	853.296484	45.000000	0.435044	0.0187009
pR	854.878711	45.000000	0.436201	0.018724
pR	856.460840	45.000000	0.436583	0.0187317
pR	858.042773	45.000000	0.438653	0.0187731
pR	859.624707	45.000000	0.4399	0.018798
pR	861.206543	45.000000	0.442187	0.0188437
pR	862.788184	45.000000	0.444609	0.0188922
pR	864.369824	45.000000	0.445157	0.0189031
pR	865.951270	45.000000	0.449175	0.0189835
pR	867.532617	45.000000	0.450831	0.0190166
pR	869.113867	45.000000	0.451863	0.0190373
pR	870.695020	45.000000	0.453852	0.019077
pR	872.275977	45.000000	0.453515	0.0190703
pR	873.856934	45.000000	0.454729	0.0190946
pR	875.437695	45.000000	0.45733	0.0191466
pR	877.018359	45.000000	0.457788	0.0191558
pR	878.599023	45.000000	0.45889	0.0191778
pR	880.179395	45.000000	0.458956	0.0191791
pR	881.759766	45.000000	0.460512	0.0192102
pR	883.340039	45.000000	0.463413	0.0192683
pR	884.920117	45.000000	0.464737	0.0192947
pR	886.500098	45.000000	0.466335	0.0193267
pR	888.079980	45.000000	0.467457	0.0193491
pR	889.659766	45.000000	0.467512	0.0193502
pR	891.239453	45.000000	0.468443	0.0193689
pR	892.818945	45.000000	0.468911	0.0193782
pR	894.398438	45.000000	0.469285	0.0193857
pR	895.977734	45.000000	0.472454	0.0194491
pR	897.556934	45.000000	0.472197	0.0194439
pR	899.135938	45.000000	0.472768	0.0194554
pR	900.714941	45.000000	0.47387	0.0194774
pR	902.293750	45.000000	0.476031	0.0195206
pR	903.872461	45.000000	0.477665	0.0195533
pR	905.451074	45.000000	0.479635	0.0195927
pR	907.029590	45.000000	0.479896	0.0195979
pR	908.607910	45.000000	0.480261	0.0196052
pR	910.186133	45.000000	0.483125	0.0196625
pR	911.764258	45.000000	0.480344	0.0196069
pR	913.342285	45.000000	0.483471	0.0196694
pR	914.920117	45.000000	0.484789	0.0196958
pR	916.497852	45.000000	0.484694	0.0196939
pR	918.075488	45.000000	0.487571	0.0197514
pR	919.653027	45.000000	0.486477	0.0197295
pR	921.230469	45.000000	0.489255	0.0197851
pR	922.807715	45.000000	0.490314	0.0198063
pR	924.384863	45.000000	0.491146	0.0198229
pR	925.961914	45.000000	0.487885	0.0197577
pR	927.538770	45.000000	0.492153	0.0198431
pR	929.115527	45.000000	0.495049	0.019901
pR	930.692188	45.000000	0.493686	0.0198737
pR	932.268750	45.000000	0.491791	0.0198358
pR	933.845117	45.000000	0.494894	0.0198979
pR	935.421387	45.000000	0.492261	0.0198452
pR	936.997559	45.000000	0.496881	0.0199376
pR	938.573535	45.000000	0.498072	0.0199614
pR	940.149414	45.000000	0.498689	0.0199738
pR	941.725195	45.000000	0.497633	0.0199527
pR	943.300879	45.000000	0.498811	0.0199762
pR	944.876367	45.000000	0.499328	0.0199866
pR	946.451758	45.000000	0.500347	0.0200069
pR	948.027051	45.000000	0.502524	0.0200505
pR	949.602148	45.000000	0.504007	0.0200801
pR	951.177148	45.000000	0.507652	0.020153
pR	952.752051	45.000000	0.508137	0.0201627
pR	954.326758	45.000000	0.506635	0.0201327
pR	955.901367	45.000000	0.506987	0.0201397
pR	957.475879	45.000000	0.5042	0.020084
pR	959.050195	45.000000	0.502141	0.0200428
pR	960.624512	45.000000	0.501874	0.0200375
pR	962.198535	45.000000	0.506371	0.0201274
pR	963.772559	45.000000	0.507456	0.0201491
pR	965.346387	45.000000	0.509436	0.0201887
pR	966.920020	45.000000	0.507136	0.0201427
pR	968.493652	45.000000	0.509633	0.0201927
pR	970.066992	45.000000	0.511639	0.0202328
pR	971.640332	45.000000	0.511423	0.0202285
pR	973.213477	45.000000	0.512431	0.0202486
pR	974.786523	45.000000	0.513244	0.0202649
pR	976.359473	45.000000	0.510773	0.0202155
pR	977.932227	45.000000	0.51269	0.0202538
pR	979.504785	45.000000	0.513164	0.0202633
pR	981.077344	45.000000	0.514442	0.0202888
pR	982.649707	45.000000	0.514154	0.0202831
pR	984.221875	45.000000	0.514224	0.0202845
pR	985.793945	45.000000	0.515289	0.0203058
pR	987.365918	45.000000	0.516351	0.020327
pR	988.937793	45.000000	0.516225	0.0203245
pR	990.509375	45.000000	0.516042	0.0203208
pR	992.080957	45.000000	0.516508	0.0203301
pR	993.652344	45.000000	0.518431	0.0203686
pR	995.223633	45.000000	0.518253	0.0203651
pR	996.794727	45.000000	0.518564	0.0203713
pR	998.365723	45.000000	0.51676	0.0203352
pR	999.936523	45.000000	0.516182	0.0203236
pR	1012.422852	45.000000	0.505359	0.0201072
pR	1015.876367	45.000000	0.50725	0.020145
pR	1019.329297	45.000000	0.507426	0.0201485
pR	1022.781836	45.000000	0.508645	0.0201729
pR	1026.233691	45.000000	0.507169	0.0201434
pR	1029.685059	45.000000	0.506683	0.0201337
pR	1033.135938	45.000000	0.50769	0.0201538
pR	1036.586230	45.000000	0.507769	0.0201554
pR	1040.036035	45.000000	0.511516	0.0202303
pR	1043.485352	45.000000	0.510566	0.0202113
pR	1046.934082	45.000000	0.510534	0.0202107
pR	1050.382324	45.000000	0.508735	0.0201747
pR	1053.830078	45.000000	0.509763	0.0201953
pR	1057.277344	45.000000	0.508502	0.02017
pR	1060.724121	45.000000	0.509404	0.0201881
pR	1064.170410	45.000000	0.510275	0.0202055
pR	1067.616113	45.000000	0.514648	0.020293
pR	1071.061426	45.000000	0.512995	0.0202599
pR	1074.506250	45.000000	0.518727	0.0203745
pR	1077.950586	45.000000	0.511164	0.0202233
pR	1081.394434	45.000000	0.519238	0.0203848
pR	1084.837891	45.000000	0.51197	0.0202394
pR	1088.280762	45.000000	0.520139	0.0204028
pR	1091.723242	45.000000	0.511337	0.0202267
pR	1095.165332	45.000000	0.523305	0.0204661
pR	1098.606836	45.000000	0.511257	0.0202251
pR	1102.047949	45.000000	0.523647	0.0204729
pR	1105.488672	45.000000	0.512445	0.0202489
pR	1108.928906	45.000000	0.522583	0.0204517
pR	1112.368750	45.000000	0.50931	0.0201862
pR	1115.808105	45.000000	0.522106	0.0204421
pR	1119.247070	45.000000	0.511279	0.0202256
pR	1122.685645	45.000000	0.522437	0.0204487
pR	1126.123730	45.000000	0.51421	0.0202842
pR	1129.561426	45.000000	0.525131	0.0205026
pR	1132.998730	45.000000	0.513767	0.0202753
pR	1136.435645	45.000000	0.522506	0.0204501
pR	1139.872168	45.000000	0.511137	0.0202227
pR	1143.308203	45.000000	0.520748	0.020415
pR	1146.743945	45.000000	0.51334	0.0202668
pR	1150.179297	45.000000	0.521555	0.0204311
pR	1153.614258	45.000000	0.512927	0.0202585
pR	1157.048828	45.000000	0.522905	0.0204581
pR	1160.483008	45.000000	0.51578	0.0203156
pR	1163.916797	45.000000	0.52115	0.020423
pR	1167.350195	45.000000	0.512271	0.0202454
pR	1170.783301	45.000000	0.517748	0.020355
pR	1174.216016	45.000000	0.511645	0.0202329
pR	1177.648438	45.000000	0.514567	0.0202913
pR	1181.080469	45.000000	0.51017	0.0202034
pR	1184.512109	45.000000	0.516452	0.020329
pR	1187.943457	45.000000	0.51558	0.0203116
pR	1191.374512	45.000000	0.51748	0.0203496
pR	1194.805176	45.000000	0.512012	0.0202402
pR	1198.235547	45.000000	0.515465	0.0203093
pR	1201.665527	45.000000	0.509186	0.0201837
pR	1205.095215	45.000000	0.508993	0.0201799
pR	1208.524609	45.000000	0.505208	0.0201042
pR	1211.953711	45.000000	0.507955	0.0201591
pR	1215.382422	45.000000	0.503937	0.0200788
pR	1218.810938	45.000000	0.508394	0.0201679
pR	1222.239063	45.000000	0.506038	0.0201208
pR	1225.666895	45.000000	0.507313	0.0201463
pR	1229.094531	45.000000	0.504179	0.0200836
pR	1232.521777	45.000000	0.503635	0.0200727
pR	1235.948828	45.000000	0.498062	0.0199612
pR	1239.375586	45.000000	0.502145	0.0200429
pR	1242.801953	45.000000	0.495889	0.0199178
pR	1246.228223	45.000000	0.497354	0.0199471
pR	1249.654102	45.000000	0.493062	0.0198612
pR	1253.079785	45.000000	0.498403	0.0199681
pR	1256.505176	45.000000	0.495498	0.0199099
pR	1259.930273	45.000000	0.498803	0.0199761
pR	1263.355273	45.000000	0.494274	0.0198855
pR	1266.779883	45.000000	0.495626	0.0199125
pR	1270.204297	45.000000	0.487263	0.0197453
pR	1273.628516	45.000000	0.489485	0.0197897
pR	1277.052441	45.000000	0.482917	0.0196583
pR	1280.476172	45.000000	0.484737	0.0196947
pR	1283.899609	45.000000	0.479373	0.0195875
pR	1287.322949	45.000000	0.486075	0.0197215
pR	1290.745996	45.000000	0.479	0.01958
pR	1294.168848	45.000000	0.4865	0.01973
pR	1297.591504	45.000000	0.481907	0.0196381
pR	1301.013965	45.000000	0.485037	0.0197007
pR	1304.436230	45.000000	0.478334	0.0195667
pR	1307.858301	45.000000	0.481324	0.0196265
pR	1311.280078	45.000000	0.47347	0.0194694
pR	1314.701758	45.000000	0.475025	0.0195005
pR	1318.123340	45.000000	0.467132	0.0193426
pR	1321.544629	45.000000	0.473633	0.0194727
pR	1324.965723	45.000000	0.464402	0.019288
pR	1328.386719	45.000000	0.469307	0.0193861
pR	1331.807520	45.000000	0.463469	0.0192694
pR	1335.228223	45.000000	0.474987	0.0194997
pR	1338.648730	45.000000	0.464156	0.0192831
pR	1342.069043	45.000000	0.474795	0.0194959
pR	1345.489258	45.000000	0.464676	0.0192935
pR	1348.909277	45.000000	0.471654	0.0194331
pR	1352.329199	45.000000	0.457489	0.0191498
pR	1355.749023	45.000000	0.462081	0.0192416
pR	1359.168652	45.000000	0.447935	0.0189587
pR	1362.588184	45.000000	0.456066	0.0191213
pR	1366.007617	45.000000	0.441232	0.0188246
pR	1369.426855	45.000000	0.452768	0.0190554
pR	1372.845996	45.000000	0.440798	0.018816
pR	1376.265039	45.000000	0.453575	0.0190715
pR	1379.684082	45.000000	0.444122	0.0188824
pR	1383.102930	45.000000	0.456072	0.0191214
pR	1386.521680	45.000000	0.443784	0.0188757
pR	1389.940332	45.000000	0.453311	0.0190662
pR	1393.358887	45.000000	0.439939	0.0187988
pR	1396.777344	45.000000	0.44849	0.0189698
pR	1400.195801	45.000000	0.432084	0.0186417
pR	1403.614063	45.000000	0.442531	0.0188506
pR	1407.032324	45.000000	0.427277	0.0185455
pR	1410.450586	45.000000	0.438751	0.018775
pR	1413.868652	45.000000	0.425458	0.0185092
pR	1417.286719	45.000000	0.437641	0.0187528
pR	1420.704785	45.000000	0.427615	0.0185523
pR	1424.122754	45.000000	0.442115	0.0188423
pR	1427.540625	45.000000	0.427941	0.0185588
pR	1430.958496	45.000000	0.443588	0.0188718
pR	1434.376367	45.000000	0.426398	0.018528
pR	1437.794141	45.000000	0.439284	0.0187857
pR	1441.211914	45.000000	0.42612	0.0185224
pR	1444.629688	45.000000	0.436082	0.0187216
pR	1448.047363	45.000000	0.420464	0.0184093
pR	1451.465039	45.000000	0.431138	0.0186228
pR	1454.882813	45.000000	0.413794	0.0182759
pR	1458.300488	45.000000	0.424698	0.018494
pR	1461.718164	45.000000	0.411812	0.0182362
pR	1465.135840	45.000000	0.422889	0.0184578
pR	1468.553516	45.000000	0.411298	0.018226
pR	1471.971191	45.000000	0.422743	0.0184549
pR	1475.388867	45.000000	0.41254	0.0182508
pR	1478.806543	45.000000	0.42119	0.0184238
pR	1482.224316	45.000000	0.413376	0.0182675
pR	1485.642090	45.000000	0.422475	0.0184495
pR	1489.059863	45.000000	0.409619	0.0181924
pR	1492.477734	45.000000	0.41946	0.0183892
pR	1495.895508	45.000000	0.404717	0.0180943
pR	1499.313477	45.000000	0.413733	0.0182747
pR	1502.731445	45.000000	0.39867	0.0179734
pR	1506.149414	45.000000	0.413989	0.0182798
pR	1509.567480	45.000000	0.398436	0.0179687
pR	1512.985547	45.000000	0.408659	0.0181732
pR	1516.403711	45.000000	0.39765	0.017953
pR	1519.821973	45.000000	0.406532	0.0181306
pR	1523.240234	45.000000	0.399027	0.0179805
pR	1526.658691	45.000000	0.4042	0.018084
pR	1530.077148	45.000000	0.39814	0.0179628
pR	1533.495703	45.000000	0.407949	0.018159
pR	1536.914258	45.000000	0.397447	0.0179489
pR	1540.333008	45.000000	0.407495	0.0181499
pR	1543.751855	45.000000	0.39656	0.0179312
pR	1547.170801	45.000000	0.4025	0.01805
pR	1550.589844	45.000000	0.38947	0.0177894
pR	1554.008887	45.000000	0.395266	0.0179053
pR	1557.428223	45.000000	0.386146	0.0177229
pR	1560.847559	45.000000	0.391399	0.017828
pR	1564.266992	45.000000	0.381403	0.0176281
pR	1567.686621	45.000000	0.3883	0.017766
pR	1571.106348	45.000000	0.378931	0.0175786
pR	1574.526270	45.000000	0.380661	0.0176132
pR	1577.946289	45.000000	0.381718	0.0176344
pR	1581.366406	45.000000	0.381426	0.0176285
pR	1584.786719	45.000000	0.382009	0.0176402
pR	1588.207227	45.000000	0.382897	0.0176579
pR	1591.627832	45.000000	0.382851	0.017657
pR	1595.048535	45.000000	0.380985	0.0176197
pR	1598.469531	45.000000	0.381113	0.0176223
pR	1601.890625	45.000000	0.37727	0.0175454
pR	1605.311816	45.000000	0.380145	0.0176029
pR	1608.733301	45.000000	0.377635	0.0175527
pR	1612.154883	45.000000	0.376924	0.0175385
pR	1615.576758	45.000000	0.3702	0.017404
pR	1618.998730	45.000000	0.371007	0.0174201
pR	1622.420898	45.000000	0.369422	0.0173884
pR	1625.843262	45.000000	0.370843	0.0174169
pR	1629.265918	45.000000	0.366848	0.017337
pR	1632.688672	45.000000	0.367143	0.0173429
pR	1636.111719	45.000000	0.367731	0.0173546
pR	1639.534961	45.000000	0.363519	0.0172704
pR	1642.958398	45.000000	0.368953	0.0173791
pR	1646.382031	45.000000	0.370539	0.0174108
pR	1649.805859	45.000000	0.371808	0.0174362
pR	1653.230078	45.000000	0.369355	0.0173871
pR	1656.654297	45.000000	0.36979	0.0173958
pR	1660.078906	45.000000	0.369381	0.0173876
pR	1663.503711	45.000000	0.369109	0.0173822
pR	1666.928906	45.000000	0.367088	0.0173418
pR	1670.354102	45.000000	0.367136	0.0173427
pR	1673.779688	45.000000	0.36471	0.0172942
pR	1677.205664	45.000000	0.360537	0.0172107
pR	1680.631641	45.000000	0.360118	0.0172024
pR	1684.058008	45.000000	0.361866	0.0172373
pR	1687.484766	45.000000	0.361689	0.0172338
pR	1690.911719	45.000000	0.36061	0.0172122
pR	1694.338867	45.000000	0.3751	0.017502
pR	1697.766406	45.000000	0.349962	0.0169992