OTS on SiO2 1 mm 02/26/07 Rp 90 deg single angle
RTmethod[PolRT=-0.08, RevsRT=100, WVASE=3.616, HardVer=17.034, Mon Feb 26 10:46:39 2007]
Original[ots_sio2_1mm_02262007_rp_90deg.dat]
nm
pR	245.732520	45.000000	0.513774	0.0202755
pR	247.331348	45.000000	0.527929	0.0205586
pR	248.930176	45.000000	0.537357	0.0207471
pR	250.529053	45.000000	0.547321	0.0209464
pR	252.127954	45.000000	0.556616	0.0211323
pR	253.726855	45.000000	0.566218	0.0213244
pR	255.325781	45.000000	0.57617	0.0215234
pR	256.924731	45.000000	0.580612	0.0216122
pR	258.523706	45.000000	0.588631	0.0217726
pR	260.122681	45.000000	0.592643	0.0218529
pR	261.721680	45.000000	0.60003	0.0220006
pR	263.320703	45.000000	0.603526	0.0220705
pR	264.919751	45.000000	0.609949	0.022199
pR	266.518799	45.000000	0.613365	0.0222673
pR	268.117871	45.000000	0.613479	0.0222696
pR	269.716968	45.000000	0.616943	0.0223389
pR	271.316089	45.000000	0.614533	0.0222907
pR	272.915210	45.000000	0.61358	0.0222716
pR	274.514331	45.000000	0.607714	0.0221543
pR	276.113501	45.000000	0.602112	0.0220422
pR	277.712646	45.000000	0.595251	0.021905
pR	279.311841	45.000000	0.583815	0.0216763
pR	280.911035	45.000000	0.576052	0.021521
pR	282.510254	45.000000	0.564774	0.0212955
pR	284.109473	45.000000	0.555006	0.0211001
pR	285.708716	45.000000	0.543642	0.0208728
pR	287.307959	45.000000	0.53091	0.0206182
pR	288.907202	45.000000	0.516518	0.0203304
pR	290.506494	45.000000	0.499179	0.0199836
pR	292.105762	45.000000	0.482993	0.0196599
pR	293.705078	45.000000	0.461932	0.0192386
pR	295.304370	45.000000	0.448362	0.0189672
pR	296.903687	45.000000	0.431897	0.0186379
pR	298.503027	45.000000	0.419425	0.0183885
pR	300.102368	45.000000	0.408381	0.0181676
pR	301.701709	45.000000	0.397409	0.0179482
pR	303.301074	45.000000	0.391106	0.0178221
pR	304.900439	45.000000	0.381564	0.0176313
pR	306.499805	45.000000	0.378656	0.0175731
pR	308.099194	45.000000	0.373514	0.0174703
pR	309.698584	45.000000	0.369891	0.0173978
pR	311.297998	45.000000	0.366831	0.0173366
pR	312.897388	45.000000	0.363857	0.0172771
pR	314.496802	45.000000	0.36449	0.0172898
pR	316.096216	45.000000	0.361305	0.0172261
pR	317.695654	45.000000	0.363176	0.0172635
pR	319.295093	45.000000	0.361586	0.0172317
pR	320.894531	45.000000	0.363	0.01726
pR	322.493970	45.000000	0.362821	0.0172564
pR	324.093408	45.000000	0.363436	0.0172687
pR	325.692871	45.000000	0.366843	0.0173369
pR	327.292334	45.000000	0.365283	0.0173057
pR	328.891797	45.000000	0.369812	0.0173962
pR	330.491260	45.000000	0.369487	0.0173897
pR	332.090723	45.000000	0.372284	0.0174457
pR	333.690186	45.000000	0.374383	0.0174877
pR	335.289673	45.000000	0.37398	0.0174796
pR	336.889136	45.000000	0.37988	0.0175976
pR	338.488623	45.000000	0.378925	0.0175785
pR	340.088110	45.000000	0.382764	0.0176553
pR	341.687573	45.000000	0.383835	0.0176767
pR	343.287061	45.000000	0.386785	0.0177357
pR	344.886548	45.000000	0.389479	0.0177896
pR	346.486035	45.000000	0.391359	0.0178272
pR	348.085522	45.000000	0.395375	0.0179075
pR	349.684985	45.000000	0.395431	0.0179086
pR	351.284473	45.000000	0.401465	0.0180293
pR	352.883960	45.000000	0.40307	0.0180614
pR	354.483423	45.000000	0.407934	0.0181587
pR	356.082910	45.000000	0.412898	0.018258
pR	357.682373	45.000000	0.415753	0.0183151
pR	359.281860	45.000000	0.422291	0.0184458
pR	360.881323	45.000000	0.424159	0.0184832
pR	362.480786	45.000000	0.431194	0.0186239
pR	364.080249	45.000000	0.432219	0.0186444
pR	365.679712	45.000000	0.435904	0.0187181
pR	367.279175	45.000000	0.434024	0.0186805
pR	368.878613	45.000000	0.432012	0.0186402
pR	370.478052	45.000000	0.428921	0.0185784
pR	372.077490	45.000000	0.421442	0.0184288
pR	373.676929	45.000000	0.418803	0.0183761
pR	375.276367	45.000000	0.408812	0.0181762
pR	376.875781	45.000000	0.403349	0.018067
pR	378.475195	45.000000	0.394043	0.0178809
pR	380.074609	45.000000	0.386385	0.0177277
pR	381.673999	45.000000	0.378409	0.0175682
pR	383.273389	45.000000	0.369963	0.0173993
pR	384.872778	45.000000	0.363469	0.0172694
pR	386.472168	45.000000	0.354091	0.0170818
pR	388.071533	45.000000	0.348579	0.0169716
pR	389.670898	45.000000	0.340607	0.0168121
pR	391.270239	45.000000	0.334172	0.0166834
pR	392.869580	45.000000	0.327842	0.0165568
pR	394.468921	45.000000	0.321665	0.0164333
pR	396.068237	45.000000	0.316606	0.0163321
pR	397.667554	45.000000	0.308715	0.0161743
pR	399.266846	45.000000	0.306316	0.0161263
pR	400.866138	45.000000	0.299742	0.0159948
pR	402.465405	45.000000	0.294865	0.0158973
pR	404.064673	45.000000	0.289721	0.0157944
pR	405.663916	45.000000	0.285425	0.0157085
pR	407.263159	45.000000	0.281024	0.0156205
pR	408.862378	45.000000	0.274685	0.0154937
pR	410.461572	45.000000	0.271924	0.0154385
pR	412.060791	45.000000	0.265667	0.0153133
pR	413.659961	45.000000	0.262926	0.0152585
pR	415.259131	45.000000	0.258275	0.0151655
pR	416.858301	45.000000	0.253511	0.0150702
pR	418.457422	45.000000	0.250683	0.0150137
pR	420.056592	45.000000	0.246269	0.0149254
pR	421.655664	45.000000	0.242542	0.0148508
pR	423.254785	45.000000	0.237862	0.0147572
pR	424.853857	45.000000	0.235823	0.0147165
pR	426.452930	45.000000	0.231161	0.0146232
pR	428.051953	45.000000	0.22825	0.014565
pR	429.650977	45.000000	0.225019	0.0145004
pR	431.250000	45.000000	0.221699	0.014434
pR	432.848975	45.000000	0.219091	0.0143818
pR	434.447949	45.000000	0.215162	0.0143032
pR	436.046924	45.000000	0.212802	0.014256
pR	437.645850	45.000000	0.209536	0.0141907
pR	439.244727	45.000000	0.207559	0.0141512
pR	440.843652	45.000000	0.204333	0.0140867
pR	442.442529	45.000000	0.20142	0.0140284
pR	444.041357	45.000000	0.199376	0.0139875
pR	445.640186	45.000000	0.196409	0.0139282
pR	447.239014	45.000000	0.195063	0.0139013
pR	448.837793	45.000000	0.192006	0.0138401
pR	450.436572	45.000000	0.19035	0.013807
pR	452.035303	45.000000	0.187597	0.0137519
pR	453.634033	45.000000	0.186154	0.0137231
pR	455.232715	45.000000	0.184306	0.0136861
pR	456.831396	45.000000	0.181714	0.0136343
pR	458.430078	45.000000	0.180514	0.0136103
pR	460.028711	45.000000	0.178105	0.0135621
pR	461.627295	45.000000	0.177199	0.013544
pR	463.225879	45.000000	0.174981	0.0134996
pR	464.824463	45.000000	0.173952	0.0134791
pR	466.422949	45.000000	0.172483	0.0134497
pR	468.021484	45.000000	0.171154	0.0134231
pR	469.619971	45.000000	0.170187	0.0134037
pR	471.218408	45.000000	0.168096	0.0133619
pR	472.816846	45.000000	0.16775	0.013355
pR	474.415234	45.000000	0.166289	0.0133258
pR	476.013623	45.000000	0.165376	0.0133075
pR	477.611963	45.000000	0.164356	0.0132871
pR	479.210254	45.000000	0.163603	0.0132721
pR	480.808545	45.000000	0.16275	0.013255
pR	482.406836	45.000000	0.161634	0.0132327
pR	484.005029	45.000000	0.161118	0.0132224
pR	485.603271	45.000000	0.160492	0.0132098
pR	487.201416	45.000000	0.160064	0.0132013
pR	488.799561	45.000000	0.159087	0.0131817
pR	490.397656	45.000000	0.158862	0.0131772
pR	491.995752	45.000000	0.1584	0.013168
pR	493.593799	45.000000	0.15764	0.0131528
pR	495.191846	45.000000	0.157396	0.0131479
pR	496.789795	45.000000	0.156495	0.0131299
pR	498.387744	45.000000	0.157304	0.0131461
pR	499.985693	45.000000	0.156626	0.0131325
pR	501.583594	45.000000	0.156319	0.0131264
pR	503.181445	45.000000	0.155747	0.0131149
pR	504.779248	45.000000	0.15577	0.0131154
pR	506.377051	45.000000	0.155903	0.0131181
pR	507.974805	45.000000	0.155562	0.0131112
pR	509.572510	45.000000	0.155894	0.0131179
pR	511.170215	45.000000	0.155441	0.0131088
pR	512.767871	45.000000	0.155895	0.0131179
pR	514.365479	45.000000	0.155665	0.0131133
pR	515.963037	45.000000	0.155796	0.0131159
pR	517.560596	45.000000	0.156156	0.0131231
pR	519.158105	45.000000	0.156011	0.0131202
pR	520.755566	45.000000	0.15657	0.0131314
pR	522.353027	45.000000	0.15626	0.0131252
pR	523.950391	45.000000	0.156719	0.0131344
pR	525.547754	45.000000	0.156529	0.0131306
pR	527.145068	45.000000	0.156894	0.0131379
pR	528.742383	45.000000	0.157227	0.0131445
pR	530.339600	45.000000	0.157199	0.013144
pR	531.936816	45.000000	0.157828	0.0131566
pR	533.533984	45.000000	0.157771	0.0131554
pR	535.131104	45.000000	0.158791	0.0131758
pR	536.728174	45.000000	0.158306	0.0131661
pR	538.325244	45.000000	0.158989	0.0131798
pR	539.922266	45.000000	0.158842	0.0131768
pR	541.519189	45.000000	0.159467	0.0131893
pR	543.116113	45.000000	0.160139	0.0132028
pR	544.712988	45.000000	0.160065	0.0132013
pR	546.309863	45.000000	0.160429	0.0132086
pR	547.906641	45.000000	0.160192	0.0132038
pR	549.503369	45.000000	0.161054	0.0132211
pR	551.100098	45.000000	0.161828	0.0132366
pR	552.696777	45.000000	0.161837	0.0132367
pR	554.293359	45.000000	0.162309	0.0132462
pR	555.889941	45.000000	0.16241	0.0132482
pR	557.486475	45.000000	0.163308	0.0132662
pR	559.082959	45.000000	0.163468	0.0132694
pR	560.679395	45.000000	0.164086	0.0132817
pR	562.275830	45.000000	0.164103	0.0132821
pR	563.872168	45.000000	0.164508	0.0132902
pR	565.468457	45.000000	0.164991	0.0132998
pR	567.064697	45.000000	0.165029	0.0133006
pR	568.660938	45.000000	0.166022	0.0133204
pR	570.257080	45.000000	0.166175	0.0133235
pR	571.853223	45.000000	0.166676	0.0133335
pR	573.449268	45.000000	0.166601	0.013332
pR	575.045313	45.000000	0.167761	0.0133552
pR	576.641260	45.000000	0.167945	0.0133589
pR	578.237207	45.000000	0.16819	0.0133638
pR	579.833057	45.000000	0.168368	0.0133674
pR	581.428857	45.000000	0.168587	0.0133717
pR	583.024658	45.000000	0.169412	0.0133882
pR	584.620361	45.000000	0.169434	0.0133887
pR	586.216064	45.000000	0.170302	0.013406
pR	587.811670	45.000000	0.170273	0.0134055
pR	589.407227	45.000000	0.170388	0.0134078
pR	591.002734	45.000000	0.170587	0.0134117
pR	592.598193	45.000000	0.17106	0.0134212
pR	594.193604	45.000000	0.171884	0.0134377
pR	595.788965	45.000000	0.171812	0.0134362
pR	597.384277	45.000000	0.172373	0.0134475
pR	598.979541	45.000000	0.172509	0.0134502
pR	600.574756	45.000000	0.172847	0.0134569
pR	602.169873	45.000000	0.173339	0.0134668
pR	603.764990	45.000000	0.173109	0.0134622
pR	605.360010	45.000000	0.173926	0.0134785
pR	606.954980	45.000000	0.173841	0.0134768
pR	608.549902	45.000000	0.174604	0.0134921
pR	610.144775	45.000000	0.174616	0.0134923
pR	611.739600	45.000000	0.1749	0.013498
pR	613.334375	45.000000	0.175355	0.0135071
pR	614.929053	45.000000	0.175451	0.013509
pR	616.523730	45.000000	0.176037	0.0135207
pR	618.118311	45.000000	0.175691	0.0135138
pR	619.712842	45.000000	0.176061	0.0135212
pR	621.307275	45.000000	0.176436	0.0135287
pR	622.901709	45.000000	0.177145	0.0135429
pR	624.496045	45.000000	0.176798	0.013536
pR	626.090381	45.000000	0.177038	0.0135408
pR	627.684570	45.000000	0.1768	0.013536
pR	629.278760	45.000000	0.176893	0.0135379
pR	630.872900	45.000000	0.1775	0.01355
pR	632.466943	45.000000	0.177434	0.0135487
pR	634.060938	45.000000	0.177901	0.013558
pR	635.654883	45.000000	0.177843	0.0135569
pR	637.248730	45.000000	0.178068	0.0135614
pR	638.842529	45.000000	0.178105	0.0135621
pR	640.436279	45.000000	0.178436	0.0135687
pR	642.029980	45.000000	0.178612	0.0135722
pR	643.623584	45.000000	0.17856	0.0135712
pR	645.217139	45.000000	0.179482	0.0135896
pR	646.810645	45.000000	0.17848	0.0135696
pR	648.404053	45.000000	0.17883	0.0135766
pR	649.997412	45.000000	0.178874	0.0135775
pR	651.590723	45.000000	0.179011	0.0135802
pR	653.183984	45.000000	0.17979	0.0135958
pR	654.777148	45.000000	0.179511	0.0135902
pR	656.370264	45.000000	0.179519	0.0135904
pR	657.963281	45.000000	0.179161	0.0135832
pR	659.556250	45.000000	0.17917	0.0135834
pR	661.149170	45.000000	0.17906	0.0135812
pR	662.741992	45.000000	0.179419	0.0135884
pR	664.334766	45.000000	0.179446	0.0135889
pR	665.927490	45.000000	0.179485	0.0135897
pR	667.520117	45.000000	0.179912	0.0135982
pR	669.112695	45.000000	0.179108	0.0135822
pR	670.705176	45.000000	0.179433	0.0135887
pR	672.297607	45.000000	0.179046	0.0135809
pR	673.889990	45.000000	0.179222	0.0135844
pR	675.482275	45.000000	0.179914	0.0135983
pR	677.074512	45.000000	0.179996	0.0135999
pR	678.666650	45.000000	0.180131	0.0136026
pR	680.258740	45.000000	0.179488	0.0135898
pR	681.850732	45.000000	0.179559	0.0135912
pR	683.442676	45.000000	0.179234	0.0135847
pR	685.034521	45.000000	0.17904	0.0135808
pR	686.626318	45.000000	0.179252	0.013585
pR	688.218066	45.000000	0.179621	0.0135924
pR	689.809717	45.000000	0.17891	0.0135782
pR	691.401270	45.000000	0.17909	0.0135818
pR	692.992773	45.000000	0.178939	0.0135788
pR	694.584229	45.000000	0.178484	0.0135697
pR	696.175586	45.000000	0.178959	0.0135792
pR	697.766846	45.000000	0.178681	0.0135736
pR	699.358057	45.000000	0.178618	0.0135724
pR	700.949170	45.000000	0.179137	0.0135827
pR	702.540234	45.000000	0.178513	0.0135703
pR	704.131201	45.000000	0.178303	0.0135661
pR	705.722119	45.000000	0.17775	0.013555
pR	707.312939	45.000000	0.177905	0.0135581
pR	708.903711	45.000000	0.178034	0.0135607
pR	710.494385	45.000000	0.178744	0.0135749
pR	712.084961	45.000000	0.178155	0.0135631
pR	713.675488	45.000000	0.177648	0.013553
pR	715.265918	45.000000	0.177379	0.0135476
pR	716.856299	45.000000	0.176791	0.0135358
pR	718.446582	45.000000	0.176572	0.0135314
pR	720.036768	45.000000	0.176366	0.0135273
pR	721.626904	45.000000	0.176364	0.0135273
pR	723.216943	45.000000	0.176315	0.0135263
pR	724.806885	45.000000	0.176264	0.0135253
pR	726.396777	45.000000	0.176688	0.0135338
pR	727.986572	45.000000	0.176042	0.0135208
pR	729.576318	45.000000	0.175497	0.0135099
pR	731.165967	45.000000	0.175139	0.0135028
pR	732.755518	45.000000	0.175485	0.0135097
pR	734.344971	45.000000	0.175291	0.0135058
pR	735.934375	45.000000	0.175172	0.0135034
pR	737.523682	45.000000	0.174895	0.0134979
pR	739.112891	45.000000	0.174506	0.0134901
pR	740.702051	45.000000	0.174568	0.0134914
pR	742.291113	45.000000	0.173627	0.0134725
pR	743.880078	45.000000	0.173588	0.0134718
pR	745.468994	45.000000	0.173225	0.0134645
pR	747.057764	45.000000	0.173107	0.0134621
pR	748.646484	45.000000	0.17321	0.0134642
pR	750.235156	45.000000	0.173317	0.0134663
pR	751.823682	45.000000	0.173097	0.0134619
pR	753.412158	45.000000	0.172413	0.0134483
pR	755.000537	45.000000	0.172948	0.013459
pR	756.588818	45.000000	0.171835	0.0134367
pR	758.177002	45.000000	0.171411	0.0134282
pR	759.765137	45.000000	0.171091	0.0134218
pR	761.353125	45.000000	0.171732	0.0134346
pR	762.941064	45.000000	0.171265	0.0134253
pR	764.528906	45.000000	0.170792	0.0134158
pR	766.116699	45.000000	0.1714	0.013428
pR	767.704346	45.000000	0.170759	0.0134152
pR	769.291943	45.000000	0.170232	0.0134046
pR	770.879443	45.000000	0.169382	0.0133876
pR	772.466846	45.000000	0.1696	0.013392
pR	774.054150	45.000000	0.169307	0.0133861
pR	775.641357	45.000000	0.169206	0.0133841
pR	777.228467	45.000000	0.169425	0.0133885
pR	778.815527	45.000000	0.16838	0.0133676
pR	780.402441	45.000000	0.168454	0.0133691
pR	781.989307	45.000000	0.167861	0.0133572
pR	783.576074	45.000000	0.166795	0.0133359
pR	785.162744	45.000000	0.166859	0.0133372
pR	786.749316	45.000000	0.166826	0.0133365
pR	788.335791	45.000000	0.166196	0.0133239
pR	789.922168	45.000000	0.165764	0.0133153
pR	791.508447	45.000000	0.166363	0.0133273
pR	793.094629	45.000000	0.165516	0.0133103
pR	794.680762	45.000000	0.165228	0.0133046
pR	796.266748	45.000000	0.165061	0.0133012
pR	797.852637	45.000000	0.164891	0.0132978
pR	799.438477	45.000000	0.163806	0.0132761
pR	801.024170	45.000000	0.163508	0.0132702
pR	802.609814	45.000000	0.16437	0.0132874
pR	804.195313	45.000000	0.16342	0.0132684
pR	805.780762	45.000000	0.162412	0.0132482
pR	807.366064	45.000000	0.162414	0.0132483
pR	808.951318	45.000000	0.163331	0.0132666
pR	810.536426	45.000000	0.163061	0.0132612
pR	812.121484	45.000000	0.162062	0.0132412
pR	813.706396	45.000000	0.162191	0.0132438
pR	815.291211	45.000000	0.161167	0.0132233
pR	816.875977	45.000000	0.161441	0.0132288
pR	818.460596	45.000000	0.160497	0.0132099
pR	820.045117	45.000000	0.160505	0.0132101
pR	821.629590	45.000000	0.16059	0.0132118
pR	823.213867	45.000000	0.160025	0.0132005
pR	824.798145	45.000000	0.159541	0.0131908
pR	826.382227	45.000000	0.158822	0.0131764
pR	827.966211	45.000000	0.159256	0.0131851
pR	829.550195	45.000000	0.158562	0.0131712
pR	831.133984	45.000000	0.158197	0.0131639
pR	832.717676	45.000000	0.157472	0.0131494
pR	834.301270	45.000000	0.157905	0.0131581
pR	835.884863	45.000000	0.157469	0.0131494
pR	837.468262	45.000000	0.156921	0.0131384
pR	839.051563	45.000000	0.157056	0.0131411
pR	840.634668	45.000000	0.155688	0.0131138
pR	842.217773	45.000000	0.156479	0.0131296
pR	843.800781	45.000000	0.15553	0.0131106
pR	845.383691	45.000000	0.155776	0.0131155
pR	846.966406	45.000000	0.155237	0.0131047
pR	848.549121	45.000000	0.1546	0.013092
pR	850.131641	45.000000	0.155011	0.0131002
pR	851.714063	45.000000	0.154759	0.0130952
pR	853.296484	45.000000	0.154351	0.013087
pR	854.878711	45.000000	0.152979	0.0130596
pR	856.460840	45.000000	0.153066	0.0130613
pR	858.042773	45.000000	0.152016	0.0130403
pR	859.624707	45.000000	0.152153	0.0130431
pR	861.206543	45.000000	0.152026	0.0130405
pR	862.788184	45.000000	0.152157	0.0130431
pR	864.369824	45.000000	0.151712	0.0130342
pR	865.951270	45.000000	0.151635	0.0130327
pR	867.532617	45.000000	0.152067	0.0130413
pR	869.113867	45.000000	0.150745	0.0130149
pR	870.695020	45.000000	0.150637	0.0130127
pR	872.275977	45.000000	0.150171	0.0130034
pR	873.856934	45.000000	0.149353	0.0129871
pR	875.437695	45.000000	0.149039	0.0129808
pR	877.018359	45.000000	0.148774	0.0129755
pR	878.599023	45.000000	0.149257	0.0129851
pR	880.179395	45.000000	0.147764	0.0129553
pR	881.759766	45.000000	0.148261	0.0129652
pR	883.340039	45.000000	0.14806	0.0129612
pR	884.920117	45.000000	0.147909	0.0129582
pR	886.500098	45.000000	0.147373	0.0129475
pR	888.079980	45.000000	0.146754	0.0129351
pR	889.659766	45.000000	0.1468	0.012936
pR	891.239453	45.000000	0.145581	0.0129116
pR	892.818945	45.000000	0.145541	0.0129108
pR	894.398438	45.000000	0.144429	0.0128886
pR	895.977734	45.000000	0.144985	0.0128997
pR	897.556934	45.000000	0.14456	0.0128912
pR	899.135938	45.000000	0.14324	0.0128648
pR	900.714941	45.000000	0.144421	0.0128884
pR	902.293750	45.000000	0.14303	0.0128606
pR	903.872461	45.000000	0.144024	0.0128805
pR	905.451074	45.000000	0.143508	0.0128702
pR	907.029590	45.000000	0.14358	0.0128716
pR	908.607910	45.000000	0.142324	0.0128465
pR	910.186133	45.000000	0.143048	0.012861
pR	911.764258	45.000000	0.142154	0.0128431
pR	913.342285	45.000000	0.141882	0.0128376
pR	914.920117	45.000000	0.141875	0.0128375
pR	916.497852	45.000000	0.140392	0.0128078
pR	918.075488	45.000000	0.141546	0.0128309
pR	919.653027	45.000000	0.140493	0.0128099
pR	921.230469	45.000000	0.140128	0.0128026
pR	922.807715	45.000000	0.140391	0.0128078
pR	924.384863	45.000000	0.139317	0.0127863
pR	925.961914	45.000000	0.140447	0.0128089
pR	927.538770	45.000000	0.139059	0.0127812
pR	929.115527	45.000000	0.140421	0.0128084
pR	930.692188	45.000000	0.137844	0.0127569
pR	932.268750	45.000000	0.138014	0.0127603
pR	933.845117	45.000000	0.138364	0.0127673
pR	935.421387	45.000000	0.136923	0.0127385
pR	936.997559	45.000000	0.137949	0.012759
pR	938.573535	45.000000	0.137183	0.0127437
pR	940.149414	45.000000	0.138836	0.0127767
pR	941.725195	45.000000	0.136023	0.0127205
pR	943.300879	45.000000	0.137074	0.0127415
pR	944.876367	45.000000	0.135468	0.0127094
pR	946.451758	45.000000	0.134803	0.0126961
pR	948.027051	45.000000	0.136121	0.0127224
pR	949.602148	45.000000	0.134665	0.0126933
pR	951.177148	45.000000	0.137113	0.0127423
pR	952.752051	45.000000	0.134275	0.0126855
pR	954.326758	45.000000	0.135758	0.0127152
pR	955.901367	45.000000	0.133967	0.0126793
pR	957.475879	45.000000	0.13372	0.0126744
pR	959.050195	45.000000	0.133493	0.0126699
pR	960.624512	45.000000	0.130902	0.012618
pR	962.198535	45.000000	0.133764	0.0126753
pR	963.772559	45.000000	0.131276	0.0126255
pR	965.346387	45.000000	0.132347	0.0126469
pR	966.920020	45.000000	0.131033	0.0126207
pR	968.493652	45.000000	0.132554	0.0126511
pR	970.066992	45.000000	0.131462	0.0126292
pR	971.640332	45.000000	0.131513	0.0126303
pR	973.213477	45.000000	0.132159	0.0126432
pR	974.786523	45.000000	0.130228	0.0126046
pR	976.359473	45.000000	0.12974	0.0125948
pR	977.932227	45.000000	0.129012	0.0125802
pR	979.504785	45.000000	0.129558	0.0125912
pR	981.077344	45.000000	0.129224	0.0125845
pR	982.649707	45.000000	0.128989	0.0125798
pR	984.221875	45.000000	0.129449	0.012589
pR	985.793945	45.000000	0.128755	0.0125751
pR	987.365918	45.000000	0.129863	0.0125973
pR	988.937793	45.000000	0.128549	0.012571
pR	990.509375	45.000000	0.128685	0.0125737
pR	992.080957	45.000000	0.127397	0.0125479
pR	993.652344	45.000000	0.128119	0.0125624
pR	995.223633	45.000000	0.129036	0.0125807
pR	996.794727	45.000000	0.126784	0.0125357
pR	998.365723	45.000000	0.127292	0.0125458
pR	999.936523	45.000000	0.125606	0.0125121
pR	1012.422852	45.000000	0.122165	0.0124433
pR	1015.876367	45.000000	0.120593	0.0124119
pR	1019.329297	45.000000	0.12006	0.0124012
pR	1022.781836	45.000000	0.120345	0.0124069
pR	1026.233691	45.000000	0.119671	0.0123934
pR	1029.685059	45.000000	0.119668	0.0123934
pR	1033.135938	45.000000	0.118746	0.0123749
pR	1036.586230	45.000000	0.117597	0.0123519
pR	1040.036035	45.000000	0.117589	0.0123518
pR	1043.485352	45.000000	0.117895	0.0123579
pR	1046.934082	45.000000	0.117024	0.0123405
pR	1050.382324	45.000000	0.116201	0.012324
pR	1053.830078	45.000000	0.115582	0.0123116
pR	1057.277344	45.000000	0.115094	0.0123019
pR	1060.724121	45.000000	0.11475	0.012295
pR	1064.170410	45.000000	0.114759	0.0122952
pR	1067.616113	45.000000	0.115401	0.012308
pR	1071.061426	45.000000	0.114697	0.0122939
pR	1074.506250	45.000000	0.115376	0.0123075
pR	1077.950586	45.000000	0.113822	0.0122764
pR	1081.394434	45.000000	0.114495	0.0122899
pR	1084.837891	45.000000	0.113029	0.0122606
pR	1088.280762	45.000000	0.114612	0.0122922
pR	1091.723242	45.000000	0.112286	0.0122457
pR	1095.165332	45.000000	0.114783	0.0122957
pR	1098.606836	45.000000	0.111539	0.0122308
pR	1102.047949	45.000000	0.114533	0.0122907
pR	1105.488672	45.000000	0.110979	0.0122196
pR	1108.928906	45.000000	0.112911	0.0122582
pR	1112.368750	45.000000	0.110083	0.0122017
pR	1115.808105	45.000000	0.112576	0.0122515
pR	1119.247070	45.000000	0.109909	0.0121982
pR	1122.685645	45.000000	0.112188	0.0122438
pR	1126.123730	45.000000	0.110005	0.0122001
pR	1129.561426	45.000000	0.11213	0.0122426
pR	1132.998730	45.000000	0.109472	0.0121894
pR	1136.435645	45.000000	0.111338	0.0122268
pR	1139.872168	45.000000	0.108498	0.01217
pR	1143.308203	45.000000	0.110498	0.01221
pR	1146.743945	45.000000	0.108753	0.0121751
pR	1150.179297	45.000000	0.110177	0.0122035
pR	1153.614258	45.000000	0.108425	0.0121685
pR	1157.048828	45.000000	0.110412	0.0122082
pR	1160.483008	45.000000	0.108818	0.0121764
pR	1163.916797	45.000000	0.109566	0.0121913
pR	1167.350195	45.000000	0.107704	0.0121541
pR	1170.783301	45.000000	0.10867	0.0121734
pR	1174.216016	45.000000	0.107162	0.0121432
pR	1177.648438	45.000000	0.107876	0.0121575
pR	1181.080469	45.000000	0.107088	0.0121418
pR	1184.512109	45.000000	0.108148	0.012163
pR	1187.943457	45.000000	0.107599	0.012152
pR	1191.374512	45.000000	0.108401	0.012168
pR	1194.805176	45.000000	0.106949	0.012139
pR	1198.235547	45.000000	0.10801	0.0121602
pR	1201.665527	45.000000	0.106559	0.0121312
pR	1205.095215	45.000000	0.106144	0.0121229
pR	1208.524609	45.000000	0.105344	0.0121069
pR	1211.953711	45.000000	0.106119	0.0121224
pR	1215.382422	45.000000	0.10542	0.0121084
pR	1218.810938	45.000000	0.105935	0.0121187
pR	1222.239063	45.000000	0.105378	0.0121076
pR	1225.666895	45.000000	0.105868	0.0121174
pR	1229.094531	45.000000	0.104916	0.0120983
pR	1232.521777	45.000000	0.105066	0.0121013
pR	1235.948828	45.000000	0.103869	0.0120774
pR	1239.375586	45.000000	0.104665	0.0120933
pR	1242.801953	45.000000	0.103488	0.0120698
pR	1246.228223	45.000000	0.104176	0.0120835
pR	1249.654102	45.000000	0.102759	0.0120552
pR	1253.079785	45.000000	0.104363	0.0120873
pR	1256.505176	45.000000	0.103377	0.0120675
pR	1259.930273	45.000000	0.10446	0.0120892
pR	1263.355273	45.000000	0.103379	0.0120676
pR	1266.779883	45.000000	0.10403	0.0120806
pR	1270.204297	45.000000	0.102242	0.0120448
pR	1273.628516	45.000000	0.102833	0.0120567
pR	1277.052441	45.000000	0.101663	0.0120333
pR	1280.476172	45.000000	0.101642	0.0120328
pR	1283.899609	45.000000	0.101488	0.0120298
pR	1287.322949	45.000000	0.10254	0.0120508
pR	1290.745996	45.000000	0.101243	0.0120249
pR	1294.168848	45.000000	0.102783	0.0120557
pR	1297.591504	45.000000	0.101588	0.0120318
pR	1301.013965	45.000000	0.102631	0.0120526
pR	1304.436230	45.000000	0.101322	0.0120264
pR	1307.858301	45.000000	0.102276	0.0120455
pR	1311.280078	45.000000	0.100547	0.0120109
pR	1314.701758	45.000000	0.100993	0.0120199
pR	1318.123340	45.000000	0.0999228	0.0119985
pR	1321.544629	45.000000	0.101072	0.0120214
pR	1324.965723	45.000000	0.0992907	0.0119858
pR	1328.386719	45.000000	0.100607	0.0120121
pR	1331.807520	45.000000	0.0995398	0.0119908
pR	1335.228223	45.000000	0.101943	0.0120389
pR	1338.648730	45.000000	0.0998443	0.0119969
pR	1342.069043	45.000000	0.102322	0.0120464
pR	1345.489258	45.000000	0.100759	0.0120152
pR	1348.909277	45.000000	0.101673	0.0120335
pR	1352.329199	45.000000	0.0988212	0.0119764
pR	1355.749023	45.000000	0.100605	0.0120121
pR	1359.168652	45.000000	0.0976962	0.0119539
pR	1362.588184	45.000000	0.0997509	0.011995
pR	1366.007617	45.000000	0.0969638	0.0119393
pR	1369.426855	45.000000	0.099234	0.0119847
pR	1372.845996	45.000000	0.0972535	0.0119451
pR	1376.265039	45.000000	0.100026	0.0120005
pR	1379.684082	45.000000	0.098139	0.0119628
pR	1383.102930	45.000000	0.101271	0.0120254
pR	1386.521680	45.000000	0.0984944	0.0119699
pR	1389.940332	45.000000	0.101299	0.012026
pR	1393.358887	45.000000	0.0980645	0.0119613
pR	1396.777344	45.000000	0.100199	0.012004
pR	1400.195801	45.000000	0.0962315	0.0119246
pR	1403.614063	45.000000	0.099445	0.0119889
pR	1407.032324	45.000000	0.096241	0.0119248
pR	1410.450586	45.000000	0.0990625	0.0119812
pR	1413.868652	45.000000	0.0963578	0.0119272
pR	1417.286719	45.000000	0.0990386	0.0119808
pR	1420.704785	45.000000	0.0973466	0.0119469
pR	1424.122754	45.000000	0.100662	0.0120132
pR	1427.540625	45.000000	0.0976922	0.0119538
pR	1430.958496	45.000000	0.101292	0.0120258
pR	1434.376367	45.000000	0.0978249	0.0119565
pR	1437.794141	45.000000	0.10117	0.0120234
pR	1441.211914	45.000000	0.0983355	0.0119667
pR	1444.629688	45.000000	0.100268	0.0120054
pR	1448.047363	45.000000	0.097476	0.0119495
pR	1451.465039	45.000000	0.0993662	0.0119873
pR	1454.882813	45.000000	0.0967944	0.0119359
pR	1458.300488	45.000000	0.0988187	0.0119764
pR	1461.718164	45.000000	0.0968036	0.0119361
pR	1465.135840	45.000000	0.0996776	0.0119936
pR	1468.553516	45.000000	0.0970536	0.0119411
pR	1471.971191	45.000000	0.0999064	0.0119981
pR	1475.388867	45.000000	0.0979298	0.0119586
pR	1478.806543	45.000000	0.100256	0.0120051
pR	1482.224316	45.000000	0.0987881	0.0119758
pR	1485.642090	45.000000	0.101385	0.0120277
pR	1489.059863	45.000000	0.0982047	0.0119641
pR	1492.477734	45.000000	0.100403	0.0120081
pR	1495.895508	45.000000	0.0971158	0.0119423
pR	1499.313477	45.000000	0.099295	0.0119859
pR	1502.731445	45.000000	0.0975237	0.0119505
pR	1506.149414	45.000000	0.10086	0.0120172
pR	1509.567480	45.000000	0.0972128	0.0119443
pR	1512.985547	45.000000	0.0995644	0.0119913
pR	1516.403711	45.000000	0.0973366	0.0119467
pR	1519.821973	45.000000	0.0993007	0.011986
pR	1523.240234	45.000000	0.0980348	0.0119607
pR	1526.658691	45.000000	0.100012	0.0120002
pR	1530.077148	45.000000	0.0985583	0.0119712
pR	1533.495703	45.000000	0.101559	0.0120312
pR	1536.914258	45.000000	0.0989997	0.01198
pR	1540.333008	45.000000	0.10156	0.0120312
pR	1543.751855	45.000000	0.0990403	0.0119808
pR	1547.170801	45.000000	0.101333	0.0120267
pR	1550.589844	45.000000	0.0987228	0.0119745
pR	1554.008887	45.000000	0.100082	0.0120016
pR	1557.428223	45.000000	0.0976738	0.0119535
pR	1560.847559	45.000000	0.0997869	0.0119957
pR	1564.266992	45.000000	0.0976483	0.011953
pR	1567.686621	45.000000	0.0997912	0.0119958
pR	1571.106348	45.000000	0.0976751	0.0119535
pR	1574.526270	45.000000	0.0980013	0.01196
pR	1577.946289	45.000000	0.0987467	0.0119749
pR	1581.366406	45.000000	0.09883	0.0119766
pR	1584.786719	45.000000	0.0987427	0.0119749
pR	1588.207227	45.000000	0.099949	0.011999
pR	1591.627832	45.000000	0.0999829	0.0119997
pR	1595.048535	45.000000	0.099882	0.0119976
pR	1598.469531	45.000000	0.0995635	0.0119913
pR	1601.890625	45.000000	0.0996688	0.0119934
pR	1605.311816	45.000000	0.10012	0.0120024
pR	1608.733301	45.000000	0.0992356	0.0119847
pR	1612.154883	45.000000	0.100156	0.0120031
pR	1615.576758	45.000000	0.0982768	0.0119655
pR	1618.998730	45.000000	0.0985055	0.0119701
pR	1622.420898	45.000000	0.0987662	0.0119753
pR	1625.843262	45.000000	0.100273	0.0120055
pR	1629.265918	45.000000	0.0978944	0.0119579
pR	1632.688672	45.000000	0.0994222	0.0119884
pR	1636.111719	45.000000	0.0989916	0.0119798
pR	1639.534961	45.000000	0.100256	0.0120051
pR	1642.958398	45.000000	0.100141	0.0120028
pR	1646.382031	45.000000	0.101255	0.0120251
pR	1649.805859	45.000000	0.101673	0.0120335
pR	1653.230078	45.000000	0.101078	0.0120216
pR	1656.654297	45.000000	0.101135	0.0120227
pR	1660.078906	45.000000	0.101467	0.0120293
pR	1663.503711	45.000000	0.10117	0.0120234
pR	1666.928906	45.000000	0.101851	0.012037
pR	1670.354102	45.000000	0.101122	0.0120224
pR	1673.779688	45.000000	0.100556	0.0120111
pR	1677.205664	45.000000	0.103559	0.0120712
pR	1680.631641	45.000000	0.101236	0.0120247
pR	1684.058008	45.000000	0.1011	0.012022
pR	1687.484766	45.000000	0.101588	0.0120318
pR	1690.911719	45.000000	0.0972597	0.0119452
pR	1694.338867	45.000000	0.101172	0.0120234
pR	1697.766406	45.000000	0.105034	0.0121007