OTS on Ta2O5 10 mm 02/26/07 rp
RTmethod[PolRT=-0.08, RevsRT=100, WVASE=3.616, HardVer=17.034, Mon Feb 26 11:25:48 2007]
Original[ots_ta2o5_10mm_02262007_rp.dat]
nm
pR	245.732520	45.000000	0.134656	0.0126931
pR	247.331348	45.000000	0.133224	0.0126645
pR	248.930176	45.000000	0.131954	0.0126391
pR	250.529053	45.000000	0.130214	0.0126043
pR	252.127954	45.000000	0.128278	0.0125656
pR	253.726855	45.000000	0.126184	0.0125237
pR	255.325781	45.000000	0.124251	0.012485
pR	256.924731	45.000000	0.122597	0.0124519
pR	258.523706	45.000000	0.119415	0.0123883
pR	260.122681	45.000000	0.116938	0.0123388
pR	261.721680	45.000000	0.11528	0.0123056
pR	263.320703	45.000000	0.112976	0.0122595
pR	264.919751	45.000000	0.11299	0.0122598
pR	266.518799	45.000000	0.114644	0.0122929
pR	268.117871	45.000000	0.118706	0.0123741
pR	269.716968	45.000000	0.125346	0.0125069
pR	271.316089	45.000000	0.133567	0.0126713
pR	272.915210	45.000000	0.139483	0.0127897
pR	274.514331	45.000000	0.142431	0.0128486
pR	276.113501	45.000000	0.138673	0.0127735
pR	277.712646	45.000000	0.127956	0.0125591
pR	279.311841	45.000000	0.106976	0.0121395
pR	280.911035	45.000000	0.0800714	0.0116014
pR	282.510254	45.000000	0.0519259	0.0110385
pR	284.109473	45.000000	0.029776	0.0105955
pR	285.708716	45.000000	0.0134713	0.0102694
pR	287.307959	45.000000	0.0236656	0.0104733
pR	288.907202	45.000000	0.0478784	0.0109576
pR	290.506494	45.000000	0.0915825	0.0118317
pR	292.105762	45.000000	0.145368	0.0129074
pR	293.705078	45.000000	0.200248	0.014005
pR	295.304370	45.000000	0.249805	0.0149961
pR	296.903687	45.000000	0.291236	0.0158247
pR	298.503027	45.000000	0.324072	0.0164814
pR	300.102368	45.000000	0.34599	0.0169198
pR	301.701709	45.000000	0.358339	0.0171668
pR	303.301074	45.000000	0.362821	0.0172564
pR	304.900439	45.000000	0.360308	0.0172062
pR	306.499805	45.000000	0.350785	0.0170157
pR	308.099194	45.000000	0.334141	0.0166828
pR	309.698584	45.000000	0.313534	0.0162707
pR	311.297998	45.000000	0.287697	0.0157539
pR	312.897388	45.000000	0.2586	0.015172
pR	314.496802	45.000000	0.227926	0.0145585
pR	316.096216	45.000000	0.194424	0.0138885
pR	317.695654	45.000000	0.161498	0.01323
pR	319.295093	45.000000	0.130607	0.0126121
pR	320.894531	45.000000	0.105091	0.0121018
pR	322.493970	45.000000	0.0818884	0.0116378
pR	324.093408	45.000000	0.0651659	0.0113033
pR	325.692871	45.000000	0.0552967	0.0111059
pR	327.292334	45.000000	0.051775	0.0110355
pR	328.891797	45.000000	0.0550935	0.0111019
pR	330.491260	45.000000	0.0645565	0.0112911
pR	332.090723	45.000000	0.0801997	0.011604
pR	333.690186	45.000000	0.0986023	0.011972
pR	335.289673	45.000000	0.120738	0.0124148
pR	336.889136	45.000000	0.144632	0.0128926
pR	338.488623	45.000000	0.168695	0.0133739
pR	340.088110	45.000000	0.192121	0.0138424
pR	341.687573	45.000000	0.218883	0.0143777
pR	343.287061	45.000000	0.241336	0.0148267
pR	344.886548	45.000000	0.262353	0.0152471
pR	346.486035	45.000000	0.282588	0.0156518
pR	348.085522	45.000000	0.301539	0.0160308
pR	349.684985	45.000000	0.318259	0.0163652
pR	351.284473	45.000000	0.332874	0.0166575
pR	352.883960	45.000000	0.345126	0.0169025
pR	354.483423	45.000000	0.355767	0.0171153
pR	356.082910	45.000000	0.364952	0.017299
pR	357.682373	45.000000	0.373478	0.0174696
pR	359.281860	45.000000	0.379335	0.0175867
pR	360.881323	45.000000	0.382781	0.0176556
pR	362.480786	45.000000	0.386576	0.0177315
pR	364.080249	45.000000	0.388482	0.0177696
pR	365.679712	45.000000	0.388917	0.0177783
pR	367.279175	45.000000	0.389072	0.0177814
pR	368.878613	45.000000	0.386802	0.017736
pR	370.478052	45.000000	0.383215	0.0176643
pR	372.077490	45.000000	0.379167	0.0175833
pR	373.676929	45.000000	0.375446	0.0175089
pR	375.276367	45.000000	0.370432	0.0174087
pR	376.875781	45.000000	0.363421	0.0172684
pR	378.475195	45.000000	0.356581	0.0171316
pR	380.074609	45.000000	0.349734	0.0169947
pR	381.673999	45.000000	0.340834	0.0168167
pR	383.273389	45.000000	0.33132	0.0166264
pR	384.872778	45.000000	0.320817	0.0164163
pR	386.472168	45.000000	0.310022	0.0162004
pR	388.071533	45.000000	0.298792	0.0159758
pR	389.670898	45.000000	0.287864	0.0157573
pR	391.270239	45.000000	0.275101	0.015502
pR	392.869580	45.000000	0.261984	0.0152397
pR	394.468921	45.000000	0.250545	0.0150109
pR	396.068237	45.000000	0.237033	0.0147407
pR	397.667554	45.000000	0.224745	0.0144949
pR	399.266846	45.000000	0.212432	0.0142486
pR	400.866138	45.000000	0.200098	0.014002
pR	402.465405	45.000000	0.187566	0.0137513
pR	404.064673	45.000000	0.175438	0.0135088
pR	405.663916	45.000000	0.164083	0.0132817
pR	407.263159	45.000000	0.153688	0.0130738
pR	408.862378	45.000000	0.143777	0.0128755
pR	410.461572	45.000000	0.134866	0.0126973
pR	412.060791	45.000000	0.126046	0.0125209
pR	413.659961	45.000000	0.11831	0.0123662
pR	415.259131	45.000000	0.112391	0.0122478
pR	416.858301	45.000000	0.10684	0.0121368
pR	418.457422	45.000000	0.103281	0.0120656
pR	420.056592	45.000000	0.100382	0.0120076
pR	421.655664	45.000000	0.0979291	0.0119586
pR	423.254785	45.000000	0.0974188	0.0119484
pR	424.853857	45.000000	0.0976128	0.0119523
pR	426.452930	45.000000	0.099185	0.0119837
pR	428.051953	45.000000	0.101858	0.0120372
pR	429.650977	45.000000	0.105642	0.0121128
pR	431.250000	45.000000	0.110641	0.0122128
pR	432.848975	45.000000	0.115796	0.0123159
pR	434.447949	45.000000	0.122264	0.0124453
pR	436.046924	45.000000	0.129848	0.012597
pR	437.645850	45.000000	0.137441	0.0127488
pR	439.244727	45.000000	0.145583	0.0129117
pR	440.843652	45.000000	0.155163	0.0131033
pR	442.442529	45.000000	0.164226	0.0132845
pR	444.041357	45.000000	0.173468	0.0134694
pR	445.640186	45.000000	0.183277	0.0136655
pR	447.239014	45.000000	0.193381	0.0138676
pR	448.837793	45.000000	0.203011	0.0140602
pR	450.436572	45.000000	0.213166	0.0142633
pR	452.035303	45.000000	0.223875	0.0144775
pR	453.634033	45.000000	0.233695	0.0146739
pR	455.232715	45.000000	0.243773	0.0148755
pR	456.831396	45.000000	0.254058	0.0150812
pR	458.430078	45.000000	0.263899	0.015278
pR	460.028711	45.000000	0.273046	0.0154609
pR	461.627295	45.000000	0.28228	0.0156456
pR	463.225879	45.000000	0.291189	0.0158238
pR	464.824463	45.000000	0.300231	0.0160046
pR	466.422949	45.000000	0.308983	0.0161797
pR	468.021484	45.000000	0.317244	0.0163449
pR	469.619971	45.000000	0.325125	0.0165025
pR	471.218408	45.000000	0.332619	0.0166524
pR	472.816846	45.000000	0.340675	0.0168135
pR	474.415234	45.000000	0.347929	0.0169586
pR	476.013623	45.000000	0.354982	0.0170996
pR	477.611963	45.000000	0.361527	0.0172305
pR	479.210254	45.000000	0.367702	0.017354
pR	480.808545	45.000000	0.373664	0.0174733
pR	482.406836	45.000000	0.379406	0.0175881
pR	484.005029	45.000000	0.384751	0.017695
pR	485.603271	45.000000	0.391082	0.0178216
pR	487.201416	45.000000	0.395426	0.0179085
pR	488.799561	45.000000	0.398718	0.0179744
pR	490.397656	45.000000	0.403388	0.0180678
pR	491.995752	45.000000	0.407627	0.0181525
pR	493.593799	45.000000	0.411539	0.0182308
pR	495.191846	45.000000	0.415185	0.0183037
pR	496.789795	45.000000	0.418093	0.0183619
pR	498.387744	45.000000	0.421414	0.0184283
pR	499.985693	45.000000	0.424934	0.0184987
pR	501.583594	45.000000	0.426728	0.0185346
pR	503.181445	45.000000	0.429217	0.0185843
pR	504.779248	45.000000	0.431257	0.0186251
pR	506.377051	45.000000	0.432925	0.0186585
pR	507.974805	45.000000	0.434533	0.0186907
pR	509.572510	45.000000	0.435805	0.0187161
pR	511.170215	45.000000	0.438223	0.0187645
pR	512.767871	45.000000	0.438503	0.0187701
pR	514.365479	45.000000	0.439258	0.0187852
pR	515.963037	45.000000	0.440321	0.0188064
pR	517.560596	45.000000	0.440032	0.0188006
pR	519.158105	45.000000	0.440942	0.0188188
pR	520.755566	45.000000	0.441365	0.0188273
pR	522.353027	45.000000	0.440108	0.0188022
pR	523.950391	45.000000	0.44084	0.0188168
pR	525.547754	45.000000	0.440942	0.0188188
pR	527.145068	45.000000	0.440289	0.0188058
pR	528.742383	45.000000	0.439191	0.0187838
pR	530.339600	45.000000	0.437642	0.0187528
pR	531.936816	45.000000	0.436925	0.0187385
pR	533.533984	45.000000	0.436707	0.0187341
pR	535.131104	45.000000	0.435971	0.0187194
pR	536.728174	45.000000	0.434029	0.0186806
pR	538.325244	45.000000	0.432381	0.0186476
pR	539.922266	45.000000	0.4312	0.018624
pR	541.519189	45.000000	0.428661	0.0185732
pR	543.116113	45.000000	0.426078	0.0185216
pR	544.712988	45.000000	0.42401	0.0184802
pR	546.309863	45.000000	0.421897	0.0184379
pR	547.906641	45.000000	0.419329	0.0183866
pR	549.503369	45.000000	0.416899	0.018338
pR	551.100098	45.000000	0.414904	0.0182981
pR	552.696777	45.000000	0.412241	0.0182448
pR	554.293359	45.000000	0.408978	0.0181796
pR	555.889941	45.000000	0.405656	0.0181131
pR	557.486475	45.000000	0.403787	0.0180757
pR	559.082959	45.000000	0.400375	0.0180075
pR	560.679395	45.000000	0.397106	0.0179421
pR	562.275830	45.000000	0.393726	0.0178745
pR	563.872168	45.000000	0.390553	0.0178111
pR	565.468457	45.000000	0.38647	0.0177294
pR	567.064697	45.000000	0.382906	0.0176581
pR	568.660938	45.000000	0.379775	0.0175955
pR	570.257080	45.000000	0.37592	0.0175184
pR	571.853223	45.000000	0.371739	0.0174348
pR	573.449268	45.000000	0.367766	0.0173553
pR	575.045313	45.000000	0.364048	0.017281
pR	576.641260	45.000000	0.360313	0.0172062
pR	578.237207	45.000000	0.356296	0.0171259
pR	579.833057	45.000000	0.351732	0.0170346
pR	581.428857	45.000000	0.346934	0.0169387
pR	583.024658	45.000000	0.344065	0.0168813
pR	584.620361	45.000000	0.33963	0.0167926
pR	586.216064	45.000000	0.334511	0.0166902
pR	587.811670	45.000000	0.329759	0.0165952
pR	589.407227	45.000000	0.325947	0.0165189
pR	591.002734	45.000000	0.321072	0.0164214
pR	592.598193	45.000000	0.31625	0.016325
pR	594.193604	45.000000	0.31238	0.0162476
pR	595.788965	45.000000	0.307668	0.0161534
pR	597.384277	45.000000	0.303193	0.0160639
pR	598.979541	45.000000	0.298747	0.0159749
pR	600.574756	45.000000	0.29475	0.015895
pR	602.169873	45.000000	0.290101	0.015802
pR	603.764990	45.000000	0.285257	0.0157051
pR	605.360010	45.000000	0.281198	0.015624
pR	606.954980	45.000000	0.276643	0.0155329
pR	608.549902	45.000000	0.271683	0.0154337
pR	610.144775	45.000000	0.267358	0.0153472
pR	611.739600	45.000000	0.263175	0.0152635
pR	613.334375	45.000000	0.259174	0.0151835
pR	614.929053	45.000000	0.255014	0.0151003
pR	616.523730	45.000000	0.25079	0.0150158
pR	618.118311	45.000000	0.2461	0.014922
pR	619.712842	45.000000	0.242271	0.0148454
pR	621.307275	45.000000	0.238543	0.0147709
pR	622.901709	45.000000	0.235029	0.0147006
pR	624.496045	45.000000	0.230663	0.0146133
pR	626.090381	45.000000	0.226357	0.0145271
pR	627.684570	45.000000	0.22276	0.0144552
pR	629.278760	45.000000	0.219146	0.0143829
pR	630.872900	45.000000	0.216421	0.0143284
pR	632.466943	45.000000	0.212946	0.0142589
pR	634.060938	45.000000	0.209901	0.014198
pR	635.654883	45.000000	0.206184	0.0141237
pR	637.248730	45.000000	0.203746	0.0140749
pR	638.842529	45.000000	0.200435	0.0140087
pR	640.436279	45.000000	0.197917	0.0139583
pR	642.029980	45.000000	0.195018	0.0139004
pR	643.623584	45.000000	0.192734	0.0138547
pR	645.217139	45.000000	0.190569	0.0138114
pR	646.810645	45.000000	0.187932	0.0137586
pR	648.404053	45.000000	0.185494	0.0137099
pR	649.997412	45.000000	0.183639	0.0136728
pR	651.590723	45.000000	0.181856	0.0136371
pR	653.183984	45.000000	0.180649	0.013613
pR	654.777148	45.000000	0.178929	0.0135786
pR	656.370264	45.000000	0.177304	0.0135461
pR	657.963281	45.000000	0.176164	0.0135233
pR	659.556250	45.000000	0.174865	0.0134973
pR	661.149170	45.000000	0.173214	0.0134643
pR	662.741992	45.000000	0.172338	0.0134468
pR	664.334766	45.000000	0.171437	0.0134287
pR	665.927490	45.000000	0.170697	0.0134139
pR	667.520117	45.000000	0.170781	0.0134156
pR	669.112695	45.000000	0.17017	0.0134034
pR	670.705176	45.000000	0.169374	0.0133875
pR	672.297607	45.000000	0.169122	0.0133824
pR	673.889990	45.000000	0.169483	0.0133897
pR	675.482275	45.000000	0.170124	0.0134025
pR	677.074512	45.000000	0.171049	0.013421
pR	678.666650	45.000000	0.170894	0.0134179
pR	680.258740	45.000000	0.170938	0.0134188
pR	681.850732	45.000000	0.171891	0.0134378
pR	683.442676	45.000000	0.172845	0.0134569
pR	685.034521	45.000000	0.173046	0.0134609
pR	686.626318	45.000000	0.174246	0.0134849
pR	688.218066	45.000000	0.175287	0.0135057
pR	689.809717	45.000000	0.176303	0.0135261
pR	691.401270	45.000000	0.177594	0.0135519
pR	692.992773	45.000000	0.178767	0.0135753
pR	694.584229	45.000000	0.18035	0.013607
pR	696.175586	45.000000	0.181986	0.0136397
pR	697.766846	45.000000	0.183869	0.0136774
pR	699.358057	45.000000	0.185664	0.0137133
pR	700.949170	45.000000	0.187718	0.0137544
pR	702.540234	45.000000	0.189219	0.0137844
pR	704.131201	45.000000	0.190947	0.0138189
pR	705.722119	45.000000	0.193837	0.0138767
pR	707.312939	45.000000	0.19563	0.0139126
pR	708.903711	45.000000	0.198464	0.0139693
pR	710.494385	45.000000	0.200375	0.0140075
pR	712.084961	45.000000	0.202703	0.0140541
pR	713.675488	45.000000	0.205945	0.0141189
pR	715.265918	45.000000	0.207905	0.0141581
pR	716.856299	45.000000	0.20971	0.0141942
pR	718.446582	45.000000	0.211708	0.0142342
pR	720.036768	45.000000	0.214802	0.014296
pR	721.626904	45.000000	0.217655	0.0143531
pR	723.216943	45.000000	0.221184	0.0144237
pR	724.806885	45.000000	0.22398	0.0144796
pR	726.396777	45.000000	0.227151	0.014543
pR	727.986572	45.000000	0.229193	0.0145839
pR	729.576318	45.000000	0.231643	0.0146329
pR	731.165967	45.000000	0.235499	0.01471
pR	732.755518	45.000000	0.238762	0.0147752
pR	734.344971	45.000000	0.240931	0.0148186
pR	735.934375	45.000000	0.243603	0.0148721
pR	737.523682	45.000000	0.246861	0.0149372
pR	739.112891	45.000000	0.249415	0.0149883
pR	740.702051	45.000000	0.252503	0.0150501
pR	742.291113	45.000000	0.25497	0.0150994
pR	743.880078	45.000000	0.25824	0.0151648
pR	745.468994	45.000000	0.261129	0.0152226
pR	747.057764	45.000000	0.263788	0.0152758
pR	748.646484	45.000000	0.267721	0.0153544
pR	750.235156	45.000000	0.270988	0.0154198
pR	751.823682	45.000000	0.273483	0.0154697
pR	753.412158	45.000000	0.275956	0.0155191
pR	755.000537	45.000000	0.279966	0.0155993
pR	756.588818	45.000000	0.28285	0.015657
pR	758.177002	45.000000	0.284531	0.0156906
pR	759.765137	45.000000	0.287401	0.015748
pR	761.353125	45.000000	0.291287	0.0158257
pR	762.941064	45.000000	0.294296	0.0158859
pR	764.528906	45.000000	0.298543	0.0159709
pR	766.116699	45.000000	0.302983	0.0160597
pR	767.704346	45.000000	0.30536	0.0161072
pR	769.291943	45.000000	0.307747	0.0161549
pR	770.879443	45.000000	0.309126	0.0161825
pR	772.466846	45.000000	0.313324	0.0162665
pR	774.054150	45.000000	0.316064	0.0163213
pR	775.641357	45.000000	0.319631	0.0163926
pR	777.228467	45.000000	0.322744	0.0164549
pR	778.815527	45.000000	0.325251	0.016505
pR	780.402441	45.000000	0.328307	0.0165661
pR	781.989307	45.000000	0.331282	0.0166256
pR	783.576074	45.000000	0.332187	0.0166437
pR	785.162744	45.000000	0.334542	0.0166908
pR	786.749316	45.000000	0.338239	0.0167648
pR	788.335791	45.000000	0.341514	0.0168303
pR	789.922168	45.000000	0.343595	0.0168719
pR	791.508447	45.000000	0.346717	0.0169343
pR	793.094629	45.000000	0.349663	0.0169933
pR	794.680762	45.000000	0.35179	0.0170358
pR	796.266748	45.000000	0.353894	0.0170779
pR	797.852637	45.000000	0.356424	0.0171285
pR	799.438477	45.000000	0.358066	0.0171613
pR	801.024170	45.000000	0.360782	0.0172156
pR	802.609814	45.000000	0.365224	0.0173045
pR	804.195313	45.000000	0.367569	0.0173514
pR	805.780762	45.000000	0.369319	0.0173864
pR	807.366064	45.000000	0.371933	0.0174387
pR	808.951318	45.000000	0.375316	0.0175063
pR	810.536426	45.000000	0.377512	0.0175502
pR	812.121484	45.000000	0.379341	0.0175868
pR	813.706396	45.000000	0.382203	0.0176441
pR	815.291211	45.000000	0.383841	0.0176768
pR	816.875977	45.000000	0.385622	0.0177124
pR	818.460596	45.000000	0.388185	0.0177637
pR	820.045117	45.000000	0.390124	0.0178025
pR	821.629590	45.000000	0.393025	0.0178605
pR	823.213867	45.000000	0.395786	0.0179157
pR	824.798145	45.000000	0.398027	0.0179605
pR	826.382227	45.000000	0.401069	0.0180214
pR	827.966211	45.000000	0.401937	0.0180387
pR	829.550195	45.000000	0.404108	0.0180822
pR	831.133984	45.000000	0.404512	0.0180902
pR	832.717676	45.000000	0.406923	0.0181385
pR	834.301270	45.000000	0.410417	0.0182083
pR	835.884863	45.000000	0.411342	0.0182268
pR	837.468262	45.000000	0.413018	0.0182604
pR	839.051563	45.000000	0.415714	0.0183143
pR	840.634668	45.000000	0.416159	0.0183232
pR	842.217773	45.000000	0.419344	0.0183869
pR	843.800781	45.000000	0.421901	0.018438
pR	845.383691	45.000000	0.424048	0.018481
pR	846.966406	45.000000	0.425827	0.0185165
pR	848.549121	45.000000	0.42662	0.0185324
pR	850.131641	45.000000	0.427444	0.0185489
pR	851.714063	45.000000	0.432276	0.0186455
pR	853.296484	45.000000	0.433318	0.0186664
pR	854.878711	45.000000	0.434829	0.0186966
pR	856.460840	45.000000	0.435402	0.018708
pR	858.042773	45.000000	0.435804	0.0187161
pR	859.624707	45.000000	0.438699	0.018774
pR	861.206543	45.000000	0.440143	0.0188029
pR	862.788184	45.000000	0.44252	0.0188504
pR	864.369824	45.000000	0.443409	0.0188682
pR	865.951270	45.000000	0.447285	0.0189457
pR	867.532617	45.000000	0.447863	0.0189573
pR	869.113867	45.000000	0.449321	0.0189864
pR	870.695020	45.000000	0.450238	0.0190048
pR	872.275977	45.000000	0.452252	0.019045
pR	873.856934	45.000000	0.453532	0.0190706
pR	875.437695	45.000000	0.455147	0.0191029
pR	877.018359	45.000000	0.457755	0.0191551
pR	878.599023	45.000000	0.458817	0.0191763
pR	880.179395	45.000000	0.457743	0.0191549
pR	881.759766	45.000000	0.4585	0.01917
pR	883.340039	45.000000	0.462124	0.0192425
pR	884.920117	45.000000	0.464675	0.0192935
pR	886.500098	45.000000	0.46478	0.0192956
pR	888.079980	45.000000	0.462233	0.0192447
pR	889.659766	45.000000	0.465213	0.0193043
pR	891.239453	45.000000	0.466945	0.0193389
pR	892.818945	45.000000	0.466749	0.019335
pR	894.398438	45.000000	0.466797	0.0193359
pR	895.977734	45.000000	0.469958	0.0193992
pR	897.556934	45.000000	0.470754	0.0194151
pR	899.135938	45.000000	0.470674	0.0194135
pR	900.714941	45.000000	0.472705	0.0194541
pR	902.293750	45.000000	0.473528	0.0194706
pR	903.872461	45.000000	0.475989	0.0195198
pR	905.451074	45.000000	0.477881	0.0195576
pR	907.029590	45.000000	0.478064	0.0195613
pR	908.607910	45.000000	0.479796	0.0195959
pR	910.186133	45.000000	0.482233	0.0196447
pR	911.764258	45.000000	0.480652	0.019613
pR	913.342285	45.000000	0.48149	0.0196298
pR	914.920117	45.000000	0.483541	0.0196708
pR	916.497852	45.000000	0.483468	0.0196694
pR	918.075488	45.000000	0.484454	0.0196891
pR	919.653027	45.000000	0.483593	0.0196719
pR	921.230469	45.000000	0.484741	0.0196948
pR	922.807715	45.000000	0.486144	0.0197229
pR	924.384863	45.000000	0.490106	0.0198021
pR	925.961914	45.000000	0.488754	0.0197751
pR	927.538770	45.000000	0.491492	0.0198298
pR	929.115527	45.000000	0.493038	0.0198608
pR	930.692188	45.000000	0.490578	0.0198116
pR	932.268750	45.000000	0.490537	0.0198107
pR	933.845117	45.000000	0.493716	0.0198743
pR	935.421387	45.000000	0.49191	0.0198382
pR	936.997559	45.000000	0.493511	0.0198702
pR	938.573535	45.000000	0.495689	0.0199138
pR	940.149414	45.000000	0.496595	0.0199319
pR	941.725195	45.000000	0.4953	0.019906
pR	943.300879	45.000000	0.497468	0.0199494
pR	944.876367	45.000000	0.49741	0.0199482
pR	946.451758	45.000000	0.498349	0.019967
pR	948.027051	45.000000	0.499083	0.0199817
pR	949.602148	45.000000	0.505047	0.0201009
pR	951.177148	45.000000	0.504716	0.0200943
pR	952.752051	45.000000	0.504039	0.0200808
pR	954.326758	45.000000	0.502054	0.0200411
pR	955.901367	45.000000	0.502901	0.020058
pR	957.475879	45.000000	0.502901	0.020058
pR	959.050195	45.000000	0.503531	0.0200706
pR	960.624512	45.000000	0.500634	0.0200127
pR	962.198535	45.000000	0.504124	0.0200825
pR	963.772559	45.000000	0.506839	0.0201368
pR	965.346387	45.000000	0.506863	0.0201373
pR	966.920020	45.000000	0.504715	0.0200943
pR	968.493652	45.000000	0.506455	0.0201291
pR	970.066992	45.000000	0.508468	0.0201694
pR	971.640332	45.000000	0.506011	0.0201202
pR	973.213477	45.000000	0.51053	0.0202106
pR	974.786523	45.000000	0.512078	0.0202416
pR	976.359473	45.000000	0.507346	0.0201469
pR	977.932227	45.000000	0.508824	0.0201765
pR	979.504785	45.000000	0.511316	0.0202263
pR	981.077344	45.000000	0.509846	0.0201969
pR	982.649707	45.000000	0.51091	0.0202182
pR	984.221875	45.000000	0.511869	0.0202374
pR	985.793945	45.000000	0.51345	0.020269
pR	987.365918	45.000000	0.513435	0.0202687
pR	988.937793	45.000000	0.514108	0.0202822
pR	990.509375	45.000000	0.513736	0.0202747
pR	992.080957	45.000000	0.513217	0.0202643
pR	993.652344	45.000000	0.513863	0.0202773
pR	995.223633	45.000000	0.516847	0.0203369
pR	996.794727	45.000000	0.51665	0.020333
pR	998.365723	45.000000	0.513199	0.020264
pR	999.936523	45.000000	0.513492	0.0202698
pR	1012.422852	45.000000	0.507688	0.0201538
pR	1015.876367	45.000000	0.507205	0.0201441
pR	1019.329297	45.000000	0.507059	0.0201412
pR	1022.781836	45.000000	0.507798	0.020156
pR	1026.233691	45.000000	0.507839	0.0201568
pR	1029.685059	45.000000	0.508381	0.0201676
pR	1033.135938	45.000000	0.508001	0.02016
pR	1036.586230	45.000000	0.50744	0.0201488
pR	1040.036035	45.000000	0.509941	0.0201988
pR	1043.485352	45.000000	0.509247	0.0201849
pR	1046.934082	45.000000	0.510902	0.020218
pR	1050.382324	45.000000	0.508677	0.0201735
pR	1053.830078	45.000000	0.509017	0.0201803
pR	1057.277344	45.000000	0.508058	0.0201612
pR	1060.724121	45.000000	0.508967	0.0201793
pR	1064.170410	45.000000	0.509141	0.0201828
pR	1067.616113	45.000000	0.513658	0.0202732
pR	1071.061426	45.000000	0.511717	0.0202344
pR	1074.506250	45.000000	0.518011	0.0203602
pR	1077.950586	45.000000	0.510116	0.0202023
pR	1081.394434	45.000000	0.518178	0.0203636
pR	1084.837891	45.000000	0.509016	0.0201803
pR	1088.280762	45.000000	0.519552	0.020391
pR	1091.723242	45.000000	0.509791	0.0201958
pR	1095.165332	45.000000	0.522552	0.020451
pR	1098.606836	45.000000	0.508923	0.0201785
pR	1102.047949	45.000000	0.522422	0.0204484
pR	1105.488672	45.000000	0.509672	0.0201935
pR	1108.928906	45.000000	0.520391	0.0204078
pR	1112.368750	45.000000	0.508172	0.0201634
pR	1115.808105	45.000000	0.520213	0.0204043
pR	1119.247070	45.000000	0.508731	0.0201746
pR	1122.685645	45.000000	0.520142	0.0204028
pR	1126.123730	45.000000	0.512428	0.0202486
pR	1129.561426	45.000000	0.522116	0.0204423
pR	1132.998730	45.000000	0.512062	0.0202412
pR	1136.435645	45.000000	0.520665	0.0204133
pR	1139.872168	45.000000	0.508745	0.0201749
pR	1143.308203	45.000000	0.518163	0.0203633
pR	1146.743945	45.000000	0.511132	0.0202226
pR	1150.179297	45.000000	0.518818	0.0203764
pR	1153.614258	45.000000	0.51205	0.020241
pR	1157.048828	45.000000	0.520314	0.0204063
pR	1160.483008	45.000000	0.514577	0.0202915
pR	1163.916797	45.000000	0.518983	0.0203797
pR	1167.350195	45.000000	0.510497	0.0202099
pR	1170.783301	45.000000	0.515479	0.0203096
pR	1174.216016	45.000000	0.508392	0.0201678
pR	1177.648438	45.000000	0.510834	0.0202167
pR	1181.080469	45.000000	0.508008	0.0201602
pR	1184.512109	45.000000	0.51418	0.0202836
pR	1187.943457	45.000000	0.513022	0.0202604
pR	1191.374512	45.000000	0.514534	0.0202907
pR	1194.805176	45.000000	0.510211	0.0202042
pR	1198.235547	45.000000	0.51333	0.0202666
pR	1201.665527	45.000000	0.507839	0.0201568
pR	1205.095215	45.000000	0.507624	0.0201525
pR	1208.524609	45.000000	0.503259	0.0200652
pR	1211.953711	45.000000	0.50553	0.0201106
pR	1215.382422	45.000000	0.501983	0.0200397
pR	1218.810938	45.000000	0.505652	0.020113
pR	1222.239063	45.000000	0.503688	0.0200738
pR	1225.666895	45.000000	0.504693	0.0200939
pR	1229.094531	45.000000	0.500937	0.0200187
pR	1232.521777	45.000000	0.502024	0.0200405
pR	1235.948828	45.000000	0.496027	0.0199205
pR	1239.375586	45.000000	0.499728	0.0199946
pR	1242.801953	45.000000	0.493931	0.0198786
pR	1246.228223	45.000000	0.496202	0.019924
pR	1249.654102	45.000000	0.491123	0.0198225
pR	1253.079785	45.000000	0.495671	0.0199134
pR	1256.505176	45.000000	0.493134	0.0198627
pR	1259.930273	45.000000	0.496869	0.0199374
pR	1263.355273	45.000000	0.492274	0.0198455
pR	1266.779883	45.000000	0.493834	0.0198767
pR	1270.204297	45.000000	0.485708	0.0197142
pR	1273.628516	45.000000	0.485215	0.0197043
pR	1277.052441	45.000000	0.481119	0.0196224
pR	1280.476172	45.000000	0.481791	0.0196358
pR	1283.899609	45.000000	0.479189	0.0195838
pR	1287.322949	45.000000	0.483682	0.0196736
pR	1290.745996	45.000000	0.478627	0.0195725
pR	1294.168848	45.000000	0.482256	0.0196451
pR	1297.591504	45.000000	0.479084	0.0195817
pR	1301.013965	45.000000	0.482655	0.0196531
pR	1304.436230	45.000000	0.475929	0.0195186
pR	1307.858301	45.000000	0.478182	0.0195636
pR	1311.280078	45.000000	0.471734	0.0194347
pR	1314.701758	45.000000	0.471577	0.0194315
pR	1318.123340	45.000000	0.467504	0.0193501
pR	1321.544629	45.000000	0.471354	0.0194271
pR	1324.965723	45.000000	0.462582	0.0192516
pR	1328.386719	45.000000	0.466751	0.019335
pR	1331.807520	45.000000	0.461372	0.0192274
pR	1335.228223	45.000000	0.471198	0.019424
pR	1338.648730	45.000000	0.460995	0.0192199
pR	1342.069043	45.000000	0.469867	0.0193973
pR	1345.489258	45.000000	0.460976	0.0192195
pR	1348.909277	45.000000	0.467265	0.0193453
pR	1352.329199	45.000000	0.454246	0.0190849
pR	1355.749023	45.000000	0.458792	0.0191758
pR	1359.168652	45.000000	0.445689	0.0189138
pR	1362.588184	45.000000	0.454918	0.0190984
pR	1366.007617	45.000000	0.439944	0.0187989
pR	1369.426855	45.000000	0.451555	0.0190311
pR	1372.845996	45.000000	0.438852	0.018777
pR	1376.265039	45.000000	0.452138	0.0190428
pR	1379.684082	45.000000	0.442232	0.0188446
pR	1383.102930	45.000000	0.453855	0.0190771
pR	1386.521680	45.000000	0.44086	0.0188172
pR	1389.940332	45.000000	0.451576	0.0190315
pR	1393.358887	45.000000	0.436415	0.0187283
pR	1396.777344	45.000000	0.44617	0.0189234
pR	1400.195801	45.000000	0.428368	0.0185674
pR	1403.614063	45.000000	0.439929	0.0187986
pR	1407.032324	45.000000	0.425689	0.0185138
pR	1410.450586	45.000000	0.437051	0.018741
pR	1413.868652	45.000000	0.424914	0.0184983
pR	1417.286719	45.000000	0.436755	0.0187351
pR	1420.704785	45.000000	0.424937	0.0184987
pR	1424.122754	45.000000	0.438649	0.018773
pR	1427.540625	45.000000	0.425934	0.0185187
pR	1430.958496	45.000000	0.44088	0.0188176
pR	1434.376367	45.000000	0.423733	0.0184747
pR	1437.794141	45.000000	0.435823	0.0187165
pR	1441.211914	45.000000	0.423197	0.0184639
pR	1444.629688	45.000000	0.432803	0.0186561
pR	1448.047363	45.000000	0.417832	0.0183566
pR	1451.465039	45.000000	0.42843	0.0185686
pR	1454.882813	45.000000	0.412119	0.0182424
pR	1458.300488	45.000000	0.422003	0.0184401
pR	1461.718164	45.000000	0.409433	0.0181887
pR	1465.135840	45.000000	0.420703	0.0184141
pR	1468.553516	45.000000	0.408411	0.0181682
pR	1471.971191	45.000000	0.419692	0.0183938
pR	1475.388867	45.000000	0.408935	0.0181787
pR	1478.806543	45.000000	0.418607	0.0183721
pR	1482.224316	45.000000	0.409719	0.0181944
pR	1485.642090	45.000000	0.418544	0.0183709
pR	1489.059863	45.000000	0.404593	0.0180919
pR	1492.477734	45.000000	0.415498	0.01831
pR	1495.895508	45.000000	0.402283	0.0180457
pR	1499.313477	45.000000	0.408938	0.0181788
pR	1502.731445	45.000000	0.396732	0.0179346
pR	1506.149414	45.000000	0.410537	0.0182107
pR	1509.567480	45.000000	0.395747	0.0179149
pR	1512.985547	45.000000	0.406793	0.0181359
pR	1516.403711	45.000000	0.395385	0.0179077
pR	1519.821973	45.000000	0.404699	0.018094
pR	1523.240234	45.000000	0.395556	0.0179111
pR	1526.658691	45.000000	0.403	0.01806
pR	1530.077148	45.000000	0.395241	0.0179048
pR	1533.495703	45.000000	0.404018	0.0180804
pR	1536.914258	45.000000	0.392407	0.0178481
pR	1540.333008	45.000000	0.402867	0.0180573
pR	1543.751855	45.000000	0.39318	0.0178636
pR	1547.170801	45.000000	0.397081	0.0179416
pR	1550.589844	45.000000	0.387666	0.0177533
pR	1554.008887	45.000000	0.393822	0.0178764
pR	1557.428223	45.000000	0.383613	0.0176723
pR	1560.847559	45.000000	0.389153	0.0177831
pR	1564.266992	45.000000	0.378493	0.0175699
pR	1567.686621	45.000000	0.386834	0.0177367
pR	1571.106348	45.000000	0.37537	0.0175074
pR	1574.526270	45.000000	0.381046	0.0176209
pR	1577.946289	45.000000	0.378402	0.017568
pR	1581.366406	45.000000	0.380179	0.0176036
pR	1584.786719	45.000000	0.37823	0.0175646
pR	1588.207227	45.000000	0.381167	0.0176233
pR	1591.627832	45.000000	0.379963	0.0175993
pR	1595.048535	45.000000	0.379879	0.0175976
pR	1598.469531	45.000000	0.377529	0.0175506
pR	1601.890625	45.000000	0.3743	0.017486
pR	1605.311816	45.000000	0.375602	0.017512
pR	1608.733301	45.000000	0.373654	0.0174731
pR	1612.154883	45.000000	0.37143	0.0174286
pR	1615.576758	45.000000	0.366154	0.0173231
pR	1618.998730	45.000000	0.366537	0.0173307
pR	1622.420898	45.000000	0.367574	0.0173515
pR	1625.843262	45.000000	0.367563	0.0173513
pR	1629.265918	45.000000	0.365417	0.0173083
pR	1632.688672	45.000000	0.362576	0.0172515
pR	1636.111719	45.000000	0.364958	0.0172992
pR	1639.534961	45.000000	0.361953	0.0172391
pR	1642.958398	45.000000	0.365744	0.0173149
pR	1646.382031	45.000000	0.36686	0.0173372
pR	1649.805859	45.000000	0.36918	0.0173836
pR	1653.230078	45.000000	0.363781	0.0172756
pR	1656.654297	45.000000	0.365075	0.0173015
pR	1660.078906	45.000000	0.364943	0.0172989
pR	1663.503711	45.000000	0.364307	0.0172861
pR	1666.928906	45.000000	0.362126	0.0172425
pR	1670.354102	45.000000	0.361801	0.017236
pR	1673.779688	45.000000	0.361402	0.017228
pR	1677.205664	45.000000	0.358251	0.017165
pR	1680.631641	45.000000	0.357271	0.0171454
pR	1684.058008	45.000000	0.357444	0.0171489
pR	1687.484766	45.000000	0.353993	0.0170799
pR	1690.911719	45.000000	0.357468	0.0171494
pR	1694.338867	45.000000	0.375591	0.0175118
pR	1697.766406	45.000000	0.353252	0.017065