OTS on SiO2 1 mm 02/26/07 Rs 90 deg single angle
RTmethod[PolRT=89.92, RevsRT=100, WVASE=3.616, HardVer=17.034, Mon Feb 26 10:47:58 2007]
Original[ots_sio2_1mm_02262007_rs_90deg.dat]
nm
sR	245.732520	45.000000	0.726016	0.0245203
sR	247.331348	45.000000	0.741276	0.0248255
sR	248.930176	45.000000	0.752675	0.0250535
sR	250.529053	45.000000	0.764068	0.0252814
sR	252.127954	45.000000	0.772606	0.0254521
sR	253.726855	45.000000	0.77991	0.0255982
sR	255.325781	45.000000	0.787197	0.0257439
sR	256.924731	45.000000	0.79081	0.0258162
sR	258.523706	45.000000	0.793243	0.0258649
sR	260.122681	45.000000	0.794815	0.0258963
sR	261.721680	45.000000	0.795277	0.0259055
sR	263.320703	45.000000	0.795108	0.0259022
sR	264.919751	45.000000	0.792214	0.0258443
sR	266.518799	45.000000	0.789401	0.025788
sR	268.117871	45.000000	0.785438	0.0257088
sR	269.716968	45.000000	0.779971	0.0255994
sR	271.316089	45.000000	0.770727	0.0254145
sR	272.915210	45.000000	0.761601	0.025232
sR	274.514331	45.000000	0.748189	0.0249638
sR	276.113501	45.000000	0.73174	0.0246348
sR	277.712646	45.000000	0.713324	0.0242665
sR	279.311841	45.000000	0.690351	0.023807
sR	280.911035	45.000000	0.66557	0.0233114
sR	282.510254	45.000000	0.640288	0.0228058
sR	284.109473	45.000000	0.609054	0.0221811
sR	285.708716	45.000000	0.577429	0.0215486
sR	287.307959	45.000000	0.54398	0.0208796
sR	288.907202	45.000000	0.505988	0.0201198
sR	290.506494	45.000000	0.46825	0.019365
sR	292.105762	45.000000	0.429742	0.0185948
sR	293.705078	45.000000	0.391728	0.0178346
sR	295.304370	45.000000	0.36262	0.0172524
sR	296.903687	45.000000	0.33673	0.0167346
sR	298.503027	45.000000	0.317004	0.0163401
sR	300.102368	45.000000	0.304758	0.0160952
sR	301.701709	45.000000	0.297005	0.0159401
sR	303.301074	45.000000	0.296824	0.0159365
sR	304.900439	45.000000	0.300459	0.0160092
sR	306.499805	45.000000	0.307362	0.0161472
sR	308.099194	45.000000	0.319192	0.0163838
sR	309.698584	45.000000	0.334525	0.0166905
sR	311.297998	45.000000	0.349627	0.0169925
sR	312.897388	45.000000	0.36926	0.0173852
sR	314.496802	45.000000	0.38797	0.0177594
sR	316.096216	45.000000	0.406273	0.0181255
sR	317.695654	45.000000	0.425537	0.0185107
sR	319.295093	45.000000	0.441733	0.0188347
sR	320.894531	45.000000	0.462649	0.019253
sR	322.493970	45.000000	0.478026	0.0195605
sR	324.093408	45.000000	0.494704	0.0198941
sR	325.692871	45.000000	0.511781	0.0202356
sR	327.292334	45.000000	0.5277	0.020554
sR	328.891797	45.000000	0.541458	0.0208292
sR	330.491260	45.000000	0.554671	0.0210934
sR	332.090723	45.000000	0.566173	0.0213234
sR	333.690186	45.000000	0.577082	0.0215416
sR	335.289673	45.000000	0.587744	0.0217549
sR	336.889136	45.000000	0.599178	0.0219836
sR	338.488623	45.000000	0.608448	0.022169
sR	340.088110	45.000000	0.615927	0.0223185
sR	341.687573	45.000000	0.622707	0.0224541
sR	343.287061	45.000000	0.631006	0.0226201
sR	344.886548	45.000000	0.63913	0.0227826
sR	346.486035	45.000000	0.644051	0.022881
sR	348.085522	45.000000	0.652234	0.0230447
sR	349.684985	45.000000	0.657753	0.0231551
sR	351.284473	45.000000	0.662012	0.0232402
sR	352.883960	45.000000	0.668365	0.0233673
sR	354.483423	45.000000	0.674325	0.0234865
sR	356.082910	45.000000	0.677469	0.0235494
sR	357.682373	45.000000	0.681872	0.0236374
sR	359.281860	45.000000	0.68679	0.0237358
sR	360.881323	45.000000	0.692348	0.023847
sR	362.480786	45.000000	0.693962	0.0238792
sR	364.080249	45.000000	0.698351	0.023967
sR	365.679712	45.000000	0.69844	0.0239688
sR	367.279175	45.000000	0.698331	0.0239666
sR	368.878613	45.000000	0.698153	0.0239631
sR	370.478052	45.000000	0.69292	0.0238584
sR	372.077490	45.000000	0.687876	0.0237575
sR	373.676929	45.000000	0.68514	0.0237028
sR	375.276367	45.000000	0.677347	0.0235469
sR	376.875781	45.000000	0.670266	0.0234053
sR	378.475195	45.000000	0.663414	0.0232683
sR	380.074609	45.000000	0.656082	0.0231216
sR	381.673999	45.000000	0.648989	0.0229798
sR	383.273389	45.000000	0.63884	0.0227768
sR	384.872778	45.000000	0.631382	0.0226276
sR	386.472168	45.000000	0.621214	0.0224243
sR	388.071533	45.000000	0.61157	0.0222314
sR	389.670898	45.000000	0.604359	0.0220872
sR	391.270239	45.000000	0.59551	0.0219102
sR	392.869580	45.000000	0.586475	0.0217295
sR	394.468921	45.000000	0.576791	0.0215358
sR	396.068237	45.000000	0.567663	0.0213533
sR	397.667554	45.000000	0.559102	0.021182
sR	399.266846	45.000000	0.547911	0.0209582
sR	400.866138	45.000000	0.539114	0.0207823
sR	402.465405	45.000000	0.530007	0.0206001
sR	404.064673	45.000000	0.520214	0.0204043
sR	405.663916	45.000000	0.508439	0.0201688
sR	407.263159	45.000000	0.499515	0.0199903
sR	408.862378	45.000000	0.488957	0.0197791
sR	410.461572	45.000000	0.477579	0.0195516
sR	412.060791	45.000000	0.466953	0.0193391
sR	413.659961	45.000000	0.456741	0.0191348
sR	415.259131	45.000000	0.444971	0.0188994
sR	416.858301	45.000000	0.433447	0.0186689
sR	418.457422	45.000000	0.421093	0.0184219
sR	420.056592	45.000000	0.408997	0.0181799
sR	421.655664	45.000000	0.397927	0.0179585
sR	423.254785	45.000000	0.386167	0.0177233
sR	424.853857	45.000000	0.374614	0.0174923
sR	426.452930	45.000000	0.362989	0.0172598
sR	428.051953	45.000000	0.349615	0.0169923
sR	429.650977	45.000000	0.337451	0.016749
sR	431.250000	45.000000	0.32527	0.0165054
sR	432.848975	45.000000	0.312833	0.0162567
sR	434.447949	45.000000	0.300317	0.0160063
sR	436.046924	45.000000	0.289021	0.0157804
sR	437.645850	45.000000	0.276954	0.0155391
sR	439.244727	45.000000	0.265409	0.0153082
sR	440.843652	45.000000	0.253475	0.0150695
sR	442.442529	45.000000	0.24139	0.0148278
sR	444.041357	45.000000	0.231087	0.0146217
sR	445.640186	45.000000	0.219404	0.0143881
sR	447.239014	45.000000	0.208721	0.0141744
sR	448.837793	45.000000	0.198353	0.0139671
sR	450.436572	45.000000	0.188489	0.0137698
sR	452.035303	45.000000	0.177942	0.0135588
sR	453.634033	45.000000	0.168391	0.0133678
sR	455.232715	45.000000	0.159585	0.0131917
sR	456.831396	45.000000	0.151	0.01302
sR	458.430078	45.000000	0.14248	0.0128496
sR	460.028711	45.000000	0.134901	0.012698
sR	461.627295	45.000000	0.127612	0.0125522
sR	463.225879	45.000000	0.120607	0.0124121
sR	464.824463	45.000000	0.114055	0.0122811
sR	466.422949	45.000000	0.108444	0.0121689
sR	468.021484	45.000000	0.10318	0.0120636
sR	469.619971	45.000000	0.0990701	0.0119814
sR	471.218408	45.000000	0.0945055	0.0118901
sR	472.816846	45.000000	0.0908931	0.0118179
sR	474.415234	45.000000	0.0878736	0.0117575
sR	476.013623	45.000000	0.0854114	0.0117082
sR	477.611963	45.000000	0.0836499	0.011673
sR	479.210254	45.000000	0.0821087	0.0116422
sR	480.808545	45.000000	0.0811124	0.0116222
sR	482.406836	45.000000	0.0806652	0.0116133
sR	484.005029	45.000000	0.0807397	0.0116148
sR	485.603271	45.000000	0.0811681	0.0116234
sR	487.201416	45.000000	0.082412	0.0116482
sR	488.799561	45.000000	0.0835958	0.0116719
sR	490.397656	45.000000	0.0858371	0.0117167
sR	491.995752	45.000000	0.08827	0.0117654
sR	493.593799	45.000000	0.090595	0.0118119
sR	495.191846	45.000000	0.0935894	0.0118718
sR	496.789795	45.000000	0.0973545	0.0119471
sR	498.387744	45.000000	0.10064	0.0120128
sR	499.985693	45.000000	0.105002	0.0121
sR	501.583594	45.000000	0.109544	0.0121909
sR	503.181445	45.000000	0.113666	0.0122733
sR	504.779248	45.000000	0.11854	0.0123708
sR	506.377051	45.000000	0.123552	0.012471
sR	507.974805	45.000000	0.12857	0.0125714
sR	509.572510	45.000000	0.133961	0.0126792
sR	511.170215	45.000000	0.139282	0.0127856
sR	512.767871	45.000000	0.144923	0.0128985
sR	514.365479	45.000000	0.15083	0.0130166
sR	515.963037	45.000000	0.156651	0.013133
sR	517.560596	45.000000	0.162634	0.0132527
sR	519.158105	45.000000	0.168744	0.0133749
sR	520.755566	45.000000	0.174027	0.0134805
sR	522.353027	45.000000	0.180056	0.0136011
sR	523.950391	45.000000	0.186337	0.0137267
sR	525.547754	45.000000	0.192149	0.013843
sR	527.145068	45.000000	0.197705	0.0139541
sR	528.742383	45.000000	0.203815	0.0140763
sR	530.339600	45.000000	0.209777	0.0141955
sR	531.936816	45.000000	0.216227	0.0143245
sR	533.533984	45.000000	0.222048	0.014441
sR	535.131104	45.000000	0.22804	0.0145608
sR	536.728174	45.000000	0.233604	0.0146721
sR	538.325244	45.000000	0.239461	0.0147892
sR	539.922266	45.000000	0.245964	0.0149193
sR	541.519189	45.000000	0.25245	0.015049
sR	543.116113	45.000000	0.258241	0.0151648
sR	544.712988	45.000000	0.263835	0.0152767
sR	546.309863	45.000000	0.269409	0.0153882
sR	547.906641	45.000000	0.274981	0.0154996
sR	549.503369	45.000000	0.280998	0.01562
sR	551.100098	45.000000	0.286168	0.0157234
sR	552.696777	45.000000	0.291309	0.0158262
sR	554.293359	45.000000	0.296702	0.015934
sR	555.889941	45.000000	0.301622	0.0160324
sR	557.486475	45.000000	0.306773	0.0161355
sR	559.082959	45.000000	0.311396	0.0162279
sR	560.679395	45.000000	0.316661	0.0163332
sR	562.275830	45.000000	0.32146	0.0164292
sR	563.872168	45.000000	0.32623	0.0165246
sR	565.468457	45.000000	0.330244	0.0166049
sR	567.064697	45.000000	0.335144	0.0167029
sR	568.660938	45.000000	0.339617	0.0167923
sR	570.257080	45.000000	0.343659	0.0168732
sR	571.853223	45.000000	0.349176	0.0169835
sR	573.449268	45.000000	0.353474	0.0170695
sR	575.045313	45.000000	0.357629	0.0171526
sR	576.641260	45.000000	0.361686	0.0172337
sR	578.237207	45.000000	0.365428	0.0173086
sR	579.833057	45.000000	0.368509	0.0173702
sR	581.428857	45.000000	0.373299	0.017466
sR	583.024658	45.000000	0.377618	0.0175524
sR	584.620361	45.000000	0.380461	0.0176092
sR	586.216064	45.000000	0.383522	0.0176704
sR	587.811670	45.000000	0.386724	0.0177345
sR	589.407227	45.000000	0.390431	0.0178086
sR	591.002734	45.000000	0.393089	0.0178618
sR	592.598193	45.000000	0.396486	0.0179297
sR	594.193604	45.000000	0.399784	0.0179957
sR	595.788965	45.000000	0.402841	0.0180568
sR	597.384277	45.000000	0.405743	0.0181149
sR	598.979541	45.000000	0.4096	0.018192
sR	600.574756	45.000000	0.412968	0.0182594
sR	602.169873	45.000000	0.41496	0.0182992
sR	603.764990	45.000000	0.41711	0.0183422
sR	605.360010	45.000000	0.420012	0.0184002
sR	606.954980	45.000000	0.422219	0.0184444
sR	608.549902	45.000000	0.42454	0.0184908
sR	610.144775	45.000000	0.426395	0.0185279
sR	611.739600	45.000000	0.428798	0.018576
sR	613.334375	45.000000	0.431372	0.0186274
sR	614.929053	45.000000	0.433629	0.0186726
sR	616.523730	45.000000	0.435456	0.0187091
sR	618.118311	45.000000	0.437484	0.0187497
sR	619.712842	45.000000	0.439591	0.0187918
sR	621.307275	45.000000	0.441863	0.0188373
sR	622.901709	45.000000	0.443389	0.0188678
sR	624.496045	45.000000	0.446219	0.0189244
sR	626.090381	45.000000	0.447088	0.0189418
sR	627.684570	45.000000	0.448403	0.0189681
sR	629.278760	45.000000	0.450741	0.0190148
sR	630.872900	45.000000	0.45294	0.0190588
sR	632.466943	45.000000	0.45438	0.0190876
sR	634.060938	45.000000	0.45522	0.0191044
sR	635.654883	45.000000	0.457152	0.019143
sR	637.248730	45.000000	0.458565	0.0191713
sR	638.842529	45.000000	0.459299	0.019186
sR	640.436279	45.000000	0.460761	0.0192152
sR	642.029980	45.000000	0.461593	0.0192319
sR	643.623584	45.000000	0.462712	0.0192542
sR	645.217139	45.000000	0.464884	0.0192977
sR	646.810645	45.000000	0.467685	0.0193537
sR	648.404053	45.000000	0.468829	0.0193766
sR	649.997412	45.000000	0.468586	0.0193717
sR	651.590723	45.000000	0.469457	0.0193891
sR	653.183984	45.000000	0.47107	0.0194214
sR	654.777148	45.000000	0.472491	0.0194498
sR	656.370264	45.000000	0.472542	0.0194508
sR	657.963281	45.000000	0.472826	0.0194565
sR	659.556250	45.000000	0.474189	0.0194838
sR	661.149170	45.000000	0.476168	0.0195234
sR	662.741992	45.000000	0.476973	0.0195395
sR	664.334766	45.000000	0.477534	0.0195507
sR	665.927490	45.000000	0.478074	0.0195615
sR	667.520117	45.000000	0.478694	0.0195739
sR	669.112695	45.000000	0.47898	0.0195796
sR	670.705176	45.000000	0.480402	0.019608
sR	672.297607	45.000000	0.481224	0.0196245
sR	673.889990	45.000000	0.480594	0.0196119
sR	675.482275	45.000000	0.482037	0.0196407
sR	677.074512	45.000000	0.482949	0.019659
sR	678.666650	45.000000	0.482588	0.0196518
sR	680.258740	45.000000	0.483158	0.0196632
sR	681.850732	45.000000	0.482936	0.0196587
sR	683.442676	45.000000	0.483919	0.0196784
sR	685.034521	45.000000	0.483643	0.0196729
sR	686.626318	45.000000	0.484649	0.019693
sR	688.218066	45.000000	0.48552	0.0197104
sR	689.809717	45.000000	0.485031	0.0197006
sR	691.401270	45.000000	0.48504	0.0197008
sR	692.992773	45.000000	0.486114	0.0197223
sR	694.584229	45.000000	0.484797	0.0196959
sR	696.175586	45.000000	0.485799	0.019716
sR	697.766846	45.000000	0.486511	0.0197302
sR	699.358057	45.000000	0.485462	0.0197092
sR	700.949170	45.000000	0.485378	0.0197076
sR	702.540234	45.000000	0.485606	0.0197121
sR	704.131201	45.000000	0.486407	0.0197281
sR	705.722119	45.000000	0.487355	0.0197471
sR	707.312939	45.000000	0.486029	0.0197206
sR	708.903711	45.000000	0.485555	0.0197111
sR	710.494385	45.000000	0.485757	0.0197151
sR	712.084961	45.000000	0.485754	0.0197151
sR	713.675488	45.000000	0.485498	0.01971
sR	715.265918	45.000000	0.485212	0.0197042
sR	716.856299	45.000000	0.485296	0.0197059
sR	718.446582	45.000000	0.484881	0.0196976
sR	720.036768	45.000000	0.486597	0.0197319
sR	721.626904	45.000000	0.486082	0.0197216
sR	723.216943	45.000000	0.485673	0.0197135
sR	724.806885	45.000000	0.483832	0.0196766
sR	726.396777	45.000000	0.482547	0.0196509
sR	727.986572	45.000000	0.481739	0.0196348
sR	729.576318	45.000000	0.482974	0.0196595
sR	731.165967	45.000000	0.483634	0.0196727
sR	732.755518	45.000000	0.481751	0.019635
sR	734.344971	45.000000	0.48214	0.0196428
sR	735.934375	45.000000	0.483254	0.0196651
sR	737.523682	45.000000	0.481627	0.0196325
sR	739.112891	45.000000	0.480751	0.019615
sR	740.702051	45.000000	0.480806	0.0196161
sR	742.291113	45.000000	0.479861	0.0195972
sR	743.880078	45.000000	0.479759	0.0195952
sR	745.468994	45.000000	0.479097	0.0195819
sR	747.057764	45.000000	0.480591	0.0196118
sR	748.646484	45.000000	0.478966	0.0195793
sR	750.235156	45.000000	0.478919	0.0195784
sR	751.823682	45.000000	0.477909	0.0195582
sR	753.412158	45.000000	0.477096	0.0195419
sR	755.000537	45.000000	0.476986	0.0195397
sR	756.588818	45.000000	0.475676	0.0195135
sR	758.177002	45.000000	0.476155	0.0195231
sR	759.765137	45.000000	0.47355	0.019471
sR	761.353125	45.000000	0.471875	0.0194375
sR	762.941064	45.000000	0.470452	0.019409
sR	764.528906	45.000000	0.470547	0.0194109
sR	766.116699	45.000000	0.471932	0.0194386
sR	767.704346	45.000000	0.472234	0.0194447
sR	769.291943	45.000000	0.47089	0.0194178
sR	770.879443	45.000000	0.468059	0.0193612
sR	772.466846	45.000000	0.468136	0.0193627
sR	774.054150	45.000000	0.46867	0.0193734
sR	775.641357	45.000000	0.466418	0.0193284
sR	777.228467	45.000000	0.466087	0.0193217
sR	778.815527	45.000000	0.463794	0.0192759
sR	780.402441	45.000000	0.461662	0.0192332
sR	781.989307	45.000000	0.460819	0.0192164
sR	783.576074	45.000000	0.459947	0.0191989
sR	785.162744	45.000000	0.460108	0.0192022
sR	786.749316	45.000000	0.460275	0.0192055
sR	788.335791	45.000000	0.457882	0.0191576
sR	789.922168	45.000000	0.457709	0.0191542
sR	791.508447	45.000000	0.456651	0.019133
sR	793.094629	45.000000	0.456434	0.0191287
sR	794.680762	45.000000	0.45532	0.0191064
sR	796.266748	45.000000	0.453395	0.0190679
sR	797.852637	45.000000	0.451866	0.0190373
sR	799.438477	45.000000	0.450047	0.0190009
sR	801.024170	45.000000	0.449833	0.0189967
sR	802.609814	45.000000	0.450438	0.0190088
sR	804.195313	45.000000	0.449682	0.0189936
sR	805.780762	45.000000	0.447281	0.0189456
sR	807.366064	45.000000	0.445771	0.0189154
sR	808.951318	45.000000	0.446549	0.018931
sR	810.536426	45.000000	0.446086	0.0189217
sR	812.121484	45.000000	0.444901	0.018898
sR	813.706396	45.000000	0.441788	0.0188358
sR	815.291211	45.000000	0.440858	0.0188172
sR	816.875977	45.000000	0.440147	0.0188029
sR	818.460596	45.000000	0.439409	0.0187882
sR	820.045117	45.000000	0.437429	0.0187486
sR	821.629590	45.000000	0.436628	0.0187326
sR	823.213867	45.000000	0.434562	0.0186912
sR	824.798145	45.000000	0.433058	0.0186612
sR	826.382227	45.000000	0.431315	0.0186263
sR	827.966211	45.000000	0.431603	0.0186321
sR	829.550195	45.000000	0.431317	0.0186263
sR	831.133984	45.000000	0.429783	0.0185957
sR	832.717676	45.000000	0.427804	0.0185561
sR	834.301270	45.000000	0.425785	0.0185157
sR	835.884863	45.000000	0.424525	0.0184905
sR	837.468262	45.000000	0.424357	0.0184871
sR	839.051563	45.000000	0.422677	0.0184535
sR	840.634668	45.000000	0.421695	0.0184339
sR	842.217773	45.000000	0.42058	0.0184116
sR	843.800781	45.000000	0.418877	0.0183775
sR	845.383691	45.000000	0.417994	0.0183599
sR	846.966406	45.000000	0.418556	0.0183711
sR	848.549121	45.000000	0.416441	0.0183288
sR	850.131641	45.000000	0.413951	0.018279
sR	851.714063	45.000000	0.412674	0.0182535
sR	853.296484	45.000000	0.412593	0.0182519
sR	854.878711	45.000000	0.411719	0.0182344
sR	856.460840	45.000000	0.409142	0.0181828
sR	858.042773	45.000000	0.407584	0.0181517
sR	859.624707	45.000000	0.404421	0.0180884
sR	861.206543	45.000000	0.403309	0.0180662
sR	862.788184	45.000000	0.403078	0.0180616
sR	864.369824	45.000000	0.399056	0.0179811
sR	865.951270	45.000000	0.399818	0.0179964
sR	867.532617	45.000000	0.398904	0.0179781
sR	869.113867	45.000000	0.397376	0.0179475
sR	870.695020	45.000000	0.398808	0.0179762
sR	872.275977	45.000000	0.395458	0.0179092
sR	873.856934	45.000000	0.393862	0.0178772
sR	875.437695	45.000000	0.392044	0.0178409
sR	877.018359	45.000000	0.391614	0.0178323
sR	878.599023	45.000000	0.38942	0.0177884
sR	880.179395	45.000000	0.388733	0.0177747
sR	881.759766	45.000000	0.387824	0.0177565
sR	883.340039	45.000000	0.386743	0.0177349
sR	884.920117	45.000000	0.383256	0.0176651
sR	886.500098	45.000000	0.384065	0.0176813
sR	888.079980	45.000000	0.381811	0.0176362
sR	889.659766	45.000000	0.38174	0.0176348
sR	891.239453	45.000000	0.378248	0.017565
sR	892.818945	45.000000	0.375222	0.0175044
sR	894.398438	45.000000	0.373099	0.017462
sR	895.977734	45.000000	0.372995	0.0174599
sR	897.556934	45.000000	0.373337	0.0174667
sR	899.135938	45.000000	0.371294	0.0174259
sR	900.714941	45.000000	0.369083	0.0173817
sR	902.293750	45.000000	0.36757	0.0173514
sR	903.872461	45.000000	0.366081	0.0173216
sR	905.451074	45.000000	0.365357	0.0173071
sR	907.029590	45.000000	0.362099	0.017242
sR	908.607910	45.000000	0.361819	0.0172364
sR	910.186133	45.000000	0.360535	0.0172107
sR	911.764258	45.000000	0.35797	0.0171594
sR	913.342285	45.000000	0.353769	0.0170754
sR	914.920117	45.000000	0.353762	0.0170752
sR	916.497852	45.000000	0.350705	0.0170141
sR	918.075488	45.000000	0.348938	0.0169788
sR	919.653027	45.000000	0.347572	0.0169514
sR	921.230469	45.000000	0.347352	0.016947
sR	922.807715	45.000000	0.345655	0.0169131
sR	924.384863	45.000000	0.345116	0.0169023
sR	925.961914	45.000000	0.34392	0.0168784
sR	927.538770	45.000000	0.343626	0.0168725
sR	929.115527	45.000000	0.34178	0.0168356
sR	930.692188	45.000000	0.340556	0.0168111
sR	932.268750	45.000000	0.336519	0.0167304
sR	933.845117	45.000000	0.335441	0.0167088
sR	935.421387	45.000000	0.335007	0.0167001
sR	936.997559	45.000000	0.334015	0.0166803
sR	938.573535	45.000000	0.3324	0.016648
sR	940.149414	45.000000	0.329444	0.0165889
sR	941.725195	45.000000	0.328176	0.0165635
sR	943.300879	45.000000	0.325631	0.0165126
sR	944.876367	45.000000	0.325037	0.0165007
sR	946.451758	45.000000	0.32296	0.0164592
sR	948.027051	45.000000	0.319179	0.0163836
sR	949.602148	45.000000	0.317941	0.0163588
sR	951.177148	45.000000	0.316361	0.0163272
sR	952.752051	45.000000	0.314225	0.0162845
sR	954.326758	45.000000	0.313854	0.0162771
sR	955.901367	45.000000	0.313683	0.0162737
sR	957.475879	45.000000	0.308286	0.0161657
sR	959.050195	45.000000	0.305697	0.0161139
sR	960.624512	45.000000	0.304025	0.0160805
sR	962.198535	45.000000	0.303011	0.0160602
sR	963.772559	45.000000	0.300881	0.0160176
sR	965.346387	45.000000	0.299378	0.0159876
sR	966.920020	45.000000	0.299933	0.0159987
sR	968.493652	45.000000	0.297708	0.0159542
sR	970.066992	45.000000	0.296064	0.0159213
sR	971.640332	45.000000	0.296465	0.0159293
sR	973.213477	45.000000	0.294262	0.0158852
sR	974.786523	45.000000	0.29161	0.0158322
sR	976.359473	45.000000	0.289916	0.0157983
sR	977.932227	45.000000	0.2886	0.015772
sR	979.504785	45.000000	0.288046	0.0157609
sR	981.077344	45.000000	0.284901	0.015698
sR	982.649707	45.000000	0.283393	0.0156679
sR	984.221875	45.000000	0.28281	0.0156562
sR	985.793945	45.000000	0.282369	0.0156474
sR	987.365918	45.000000	0.279817	0.0155963
sR	988.937793	45.000000	0.277016	0.0155403
sR	990.509375	45.000000	0.27508	0.0155016
sR	992.080957	45.000000	0.275454	0.0155091
sR	993.652344	45.000000	0.274003	0.0154801
sR	995.223633	45.000000	0.27177	0.0154354
sR	996.794727	45.000000	0.270321	0.0154064
sR	998.365723	45.000000	0.267631	0.0153526
sR	999.936523	45.000000	0.265961	0.0153192
sR	1012.422852	45.000000	0.245074	0.0149015
sR	1015.876367	45.000000	0.241193	0.0148239
sR	1019.329297	45.000000	0.237415	0.0147483
sR	1022.781836	45.000000	0.234289	0.0146858
sR	1026.233691	45.000000	0.230041	0.0146008
sR	1029.685059	45.000000	0.228052	0.014561
sR	1033.135938	45.000000	0.222996	0.0144599
sR	1036.586230	45.000000	0.220794	0.0144159
sR	1040.036035	45.000000	0.217354	0.0143471
sR	1043.485352	45.000000	0.215077	0.0143015
sR	1046.934082	45.000000	0.210043	0.0142009
sR	1050.382324	45.000000	0.207454	0.0141491
sR	1053.830078	45.000000	0.203718	0.0140744
sR	1057.277344	45.000000	0.201349	0.014027
sR	1060.724121	45.000000	0.197062	0.0139412
sR	1064.170410	45.000000	0.194877	0.0138975
sR	1067.616113	45.000000	0.191071	0.0138214
sR	1071.061426	45.000000	0.189059	0.0137812
sR	1074.506250	45.000000	0.184853	0.0136971
sR	1077.950586	45.000000	0.18243	0.0136486
sR	1081.394434	45.000000	0.178707	0.0135741
sR	1084.837891	45.000000	0.176172	0.0135234
sR	1088.280762	45.000000	0.173556	0.0134711
sR	1091.723242	45.000000	0.169992	0.0133998
sR	1095.165332	45.000000	0.166719	0.0133344
sR	1098.606836	45.000000	0.16426	0.0132852
sR	1102.047949	45.000000	0.161246	0.0132249
sR	1105.488672	45.000000	0.158708	0.0131742
sR	1108.928906	45.000000	0.155116	0.0131023
sR	1112.368750	45.000000	0.152445	0.0130489
sR	1115.808105	45.000000	0.149097	0.0129819
sR	1119.247070	45.000000	0.147138	0.0129428
sR	1122.685645	45.000000	0.144708	0.0128942
sR	1126.123730	45.000000	0.141795	0.0128359
sR	1129.561426	45.000000	0.138534	0.0127707
sR	1132.998730	45.000000	0.13628	0.0127256
sR	1136.435645	45.000000	0.13373	0.0126746
sR	1139.872168	45.000000	0.130797	0.0126159
sR	1143.308203	45.000000	0.12747	0.0125494
sR	1146.743945	45.000000	0.125622	0.0125124
sR	1150.179297	45.000000	0.122949	0.012459
sR	1153.614258	45.000000	0.120944	0.0124189
sR	1157.048828	45.000000	0.118235	0.0123647
sR	1160.483008	45.000000	0.116219	0.0123244
sR	1163.916797	45.000000	0.113463	0.0122693
sR	1167.350195	45.000000	0.11161	0.0122322
sR	1170.783301	45.000000	0.108866	0.0121773
sR	1174.216016	45.000000	0.10683	0.0121366
sR	1177.648438	45.000000	0.104767	0.0120953
sR	1181.080469	45.000000	0.102003	0.0120401
sR	1184.512109	45.000000	0.0993902	0.0119878
sR	1187.943457	45.000000	0.0981926	0.0119639
sR	1191.374512	45.000000	0.0955878	0.0119118
sR	1194.805176	45.000000	0.0940896	0.0118818
sR	1198.235547	45.000000	0.091363	0.0118273
sR	1201.665527	45.000000	0.0897028	0.0117941
sR	1205.095215	45.000000	0.0869398	0.0117388
sR	1208.524609	45.000000	0.0858647	0.0117173
sR	1211.953711	45.000000	0.0834164	0.0116683
sR	1215.382422	45.000000	0.0820916	0.0116418
sR	1218.810938	45.000000	0.0799089	0.0115982
sR	1222.239063	45.000000	0.0790652	0.0115813
sR	1225.666895	45.000000	0.0763538	0.0115271
sR	1229.094531	45.000000	0.0749847	0.0114997
sR	1232.521777	45.000000	0.0730904	0.0114618
sR	1235.948828	45.000000	0.0720981	0.011442
sR	1239.375586	45.000000	0.0701796	0.0114036
sR	1242.801953	45.000000	0.0685481	0.011371
sR	1246.228223	45.000000	0.0669018	0.011338
sR	1249.654102	45.000000	0.0656726	0.0113135
sR	1253.079785	45.000000	0.0639067	0.0112781
sR	1256.505176	45.000000	0.062785	0.0112557
sR	1259.930273	45.000000	0.0611951	0.0112239
sR	1263.355273	45.000000	0.0606116	0.0112122
sR	1266.779883	45.000000	0.0586018	0.011172
sR	1270.204297	45.000000	0.0577156	0.0111543
sR	1273.628516	45.000000	0.05575	0.011115
sR	1277.052441	45.000000	0.0551867	0.0111037
sR	1280.476172	45.000000	0.0535109	0.0110702
sR	1283.899609	45.000000	0.0527993	0.011056
sR	1287.322949	45.000000	0.0511825	0.0110236
sR	1290.745996	45.000000	0.0505658	0.0110113
sR	1294.168848	45.000000	0.0493717	0.0109874
sR	1297.591504	45.000000	0.0483977	0.010968
sR	1301.013965	45.000000	0.0471704	0.0109434
sR	1304.436230	45.000000	0.0467688	0.0109354
sR	1307.858301	45.000000	0.0454591	0.0109092
sR	1311.280078	45.000000	0.0450245	0.0109005
sR	1314.701758	45.000000	0.0440736	0.0108815
sR	1318.123340	45.000000	0.0430846	0.0108617
sR	1321.544629	45.000000	0.0424972	0.0108499
sR	1324.965723	45.000000	0.0414703	0.0108294
sR	1328.386719	45.000000	0.0407639	0.0108153
sR	1331.807520	45.000000	0.0404851	0.0108097
sR	1335.228223	45.000000	0.0397805	0.0107956
sR	1338.648730	45.000000	0.0392765	0.0107855
sR	1342.069043	45.000000	0.0381217	0.0107624
sR	1345.489258	45.000000	0.0380615	0.0107612
sR	1348.909277	45.000000	0.0372277	0.0107446
sR	1352.329199	45.000000	0.0370205	0.0107404
sR	1355.749023	45.000000	0.0361528	0.0107231
sR	1359.168652	45.000000	0.0361161	0.0107223
sR	1362.588184	45.000000	0.0355263	0.0107105
sR	1366.007617	45.000000	0.0349986	0.0107
sR	1369.426855	45.000000	0.0347561	0.0106951
sR	1372.845996	45.000000	0.0345962	0.0106919
sR	1376.265039	45.000000	0.0340893	0.0106818
sR	1379.684082	45.000000	0.034021	0.0106804
sR	1383.102930	45.000000	0.0335746	0.0106715
sR	1386.521680	45.000000	0.0336215	0.0106724
sR	1389.940332	45.000000	0.0331119	0.0106622
sR	1393.358887	45.000000	0.0330383	0.0106608
sR	1396.777344	45.000000	0.0330612	0.0106612
sR	1400.195801	45.000000	0.0330422	0.0106608
sR	1403.614063	45.000000	0.0326369	0.0106527
sR	1407.032324	45.000000	0.0328703	0.0106574
sR	1410.450586	45.000000	0.0326389	0.0106528
sR	1413.868652	45.000000	0.0325737	0.0106515
sR	1417.286719	45.000000	0.0323514	0.010647
sR	1420.704785	45.000000	0.0326786	0.0106536
sR	1424.122754	45.000000	0.0324912	0.0106498
sR	1427.540625	45.000000	0.0329793	0.0106596
sR	1430.958496	45.000000	0.0332337	0.0106647
sR	1434.376367	45.000000	0.0331457	0.0106629
sR	1437.794141	45.000000	0.0331149	0.0106623
sR	1441.211914	45.000000	0.033525	0.0106705
sR	1444.629688	45.000000	0.0335374	0.0106707
sR	1448.047363	45.000000	0.0338781	0.0106776
sR	1451.465039	45.000000	0.0339565	0.0106791
sR	1454.882813	45.000000	0.0341131	0.0106823
sR	1458.300488	45.000000	0.0344571	0.0106891
sR	1461.718164	45.000000	0.0348245	0.0106965
sR	1465.135840	45.000000	0.0352117	0.0107042
sR	1468.553516	45.000000	0.0352156	0.0107043
sR	1471.971191	45.000000	0.0355668	0.0107113
sR	1475.388867	45.000000	0.0355435	0.0107109
sR	1478.806543	45.000000	0.0358582	0.0107172
sR	1482.224316	45.000000	0.0369091	0.0107382
sR	1485.642090	45.000000	0.0370891	0.0107418
sR	1489.059863	45.000000	0.0377665	0.0107553
sR	1492.477734	45.000000	0.0380799	0.0107616
sR	1495.895508	45.000000	0.0386277	0.0107726
sR	1499.313477	45.000000	0.0389494	0.010779
sR	1502.731445	45.000000	0.0392563	0.0107851
sR	1506.149414	45.000000	0.0401033	0.0108021
sR	1509.567480	45.000000	0.0405594	0.0108112
sR	1512.985547	45.000000	0.0410315	0.0108206
sR	1516.403711	45.000000	0.0414247	0.0108285
sR	1519.821973	45.000000	0.0418494	0.010837
sR	1523.240234	45.000000	0.0420854	0.0108417
sR	1526.658691	45.000000	0.0427042	0.0108541
sR	1530.077148	45.000000	0.0439228	0.0108785
sR	1533.495703	45.000000	0.0441296	0.0108826
sR	1536.914258	45.000000	0.044926	0.0108985
sR	1540.333008	45.000000	0.0453537	0.0109071
sR	1543.751855	45.000000	0.0464134	0.0109283
sR	1547.170801	45.000000	0.0469504	0.010939
sR	1550.589844	45.000000	0.0475035	0.0109501
sR	1554.008887	45.000000	0.0477363	0.0109547
sR	1557.428223	45.000000	0.0490609	0.0109812
sR	1560.847559	45.000000	0.0487297	0.0109746
sR	1564.266992	45.000000	0.0500928	0.0110019
sR	1567.686621	45.000000	0.0503983	0.011008
sR	1571.106348	45.000000	0.0516885	0.0110338
sR	1574.526270	45.000000	0.0520673	0.0110413
sR	1577.946289	45.000000	0.0532819	0.0110656
sR	1581.366406	45.000000	0.053614	0.0110723
sR	1584.786719	45.000000	0.0546381	0.0110928
sR	1588.207227	45.000000	0.055028	0.0111006
sR	1591.627832	45.000000	0.0559787	0.0111196
sR	1595.048535	45.000000	0.0564599	0.0111292
sR	1598.469531	45.000000	0.0580389	0.0111608
sR	1601.890625	45.000000	0.058939	0.0111788
sR	1605.311816	45.000000	0.059427	0.0111885
sR	1608.733301	45.000000	0.0600087	0.0112002
sR	1612.154883	45.000000	0.0608802	0.0112176
sR	1615.576758	45.000000	0.0612295	0.0112246
sR	1618.998730	45.000000	0.0621858	0.0112437
sR	1622.420898	45.000000	0.0633474	0.0112669
sR	1625.843262	45.000000	0.0646539	0.0112931
sR	1629.265918	45.000000	0.0648795	0.0112976
sR	1632.688672	45.000000	0.0661707	0.0113234
sR	1636.111719	45.000000	0.0663465	0.0113269
sR	1639.534961	45.000000	0.0672691	0.0113454
sR	1642.958398	45.000000	0.0682012	0.011364
sR	1646.382031	45.000000	0.0695683	0.0113914
sR	1649.805859	45.000000	0.0702587	0.0114052
sR	1653.230078	45.000000	0.0701919	0.0114038
sR	1656.654297	45.000000	0.0710487	0.011421
sR	1660.078906	45.000000	0.0726797	0.0114536
sR	1663.503711	45.000000	0.0731659	0.0114633
sR	1666.928906	45.000000	0.0747087	0.0114942
sR	1670.354102	45.000000	0.0751207	0.0115024
sR	1673.779688	45.000000	0.0770729	0.0115415
sR	1677.205664	45.000000	0.0777262	0.0115545
sR	1680.631641	45.000000	0.0788699	0.0115774
sR	1684.058008	45.000000	0.0773016	0.011546
sR	1687.484766	45.000000	0.0796158	0.0115923
sR	1690.911719	45.000000	0.0819583	0.0116392
sR	1694.338867	45.000000	0.0823735	0.0116475
sR	1697.766406	45.000000	0.0827132	0.0116543