OTS on Ta2O5 10 mm 02/26/07 rs
RTmethod[PolRT=89.92, RevsRT=100, WVASE=3.616, HardVer=17.034, Mon Feb 26 11:26:55 2007]
Original[ots_ta2o5_10mm_02262007_rs.dat]
nm
sR	245.732520	45.000000	0.427595	0.0185519
sR	247.331348	45.000000	0.42626	0.0185252
sR	248.930176	45.000000	0.42503	0.0185006
sR	250.529053	45.000000	0.422483	0.0184497
sR	252.127954	45.000000	0.420832	0.0184166
sR	253.726855	45.000000	0.419266	0.0183853
sR	255.325781	45.000000	0.414969	0.0182994
sR	256.924731	45.000000	0.413218	0.0182644
sR	258.523706	45.000000	0.41046	0.0182092
sR	260.122681	45.000000	0.406614	0.0181323
sR	261.721680	45.000000	0.403739	0.0180748
sR	263.320703	45.000000	0.401262	0.0180252
sR	264.919751	45.000000	0.401833	0.0180367
sR	266.518799	45.000000	0.403272	0.0180654
sR	268.117871	45.000000	0.409954	0.0181991
sR	269.716968	45.000000	0.419257	0.0183851
sR	271.316089	45.000000	0.426373	0.0185275
sR	272.915210	45.000000	0.434912	0.0186982
sR	274.514331	45.000000	0.437452	0.018749
sR	276.113501	45.000000	0.431723	0.0186345
sR	277.712646	45.000000	0.412498	0.01825
sR	279.311841	45.000000	0.379001	0.01758
sR	280.911035	45.000000	0.333054	0.0166611
sR	282.510254	45.000000	0.276541	0.0155308
sR	284.109473	45.000000	0.22329	0.0144658
sR	285.708716	45.000000	0.193012	0.0138602
sR	287.307959	45.000000	0.199733	0.0139947
sR	288.907202	45.000000	0.247919	0.0149584
sR	290.506494	45.000000	0.324142	0.0164828
sR	292.105762	45.000000	0.407084	0.0181417
sR	293.705078	45.000000	0.482915	0.0196583
sR	295.304370	45.000000	0.544555	0.0208911
sR	296.903687	45.000000	0.591097	0.0218219
sR	298.503027	45.000000	0.622013	0.0224403
sR	300.102368	45.000000	0.639802	0.022796
sR	301.701709	45.000000	0.651771	0.0230354
sR	303.301074	45.000000	0.653805	0.0230761
sR	304.900439	45.000000	0.648218	0.0229644
sR	306.499805	45.000000	0.636488	0.0227298
sR	308.099194	45.000000	0.615815	0.0223163
sR	309.698584	45.000000	0.588748	0.021775
sR	311.297998	45.000000	0.553559	0.0210712
sR	312.897388	45.000000	0.512324	0.0202465
sR	314.496802	45.000000	0.460533	0.0192107
sR	316.096216	45.000000	0.400021	0.0180004
sR	317.695654	45.000000	0.331106	0.0166221
sR	319.295093	45.000000	0.261281	0.0152256
sR	320.894531	45.000000	0.18732	0.0137464
sR	322.493970	45.000000	0.121446	0.0124289
sR	324.093408	45.000000	0.0715613	0.0114312
sR	325.692871	45.000000	0.0427892	0.0108558
sR	327.292334	45.000000	0.0339993	0.01068
sR	328.891797	45.000000	0.0549278	0.0110986
sR	330.491260	45.000000	0.0866033	0.0117321
sR	332.090723	45.000000	0.140019	0.0128004
sR	333.690186	45.000000	0.202009	0.0140402
sR	335.289673	45.000000	0.261917	0.0152383
sR	336.889136	45.000000	0.320765	0.0164153
sR	338.488623	45.000000	0.376159	0.0175232
sR	340.088110	45.000000	0.424309	0.0184862
sR	341.687573	45.000000	0.467805	0.0193561
sR	343.287061	45.000000	0.505218	0.0201044
sR	344.886548	45.000000	0.535207	0.0207041
sR	346.486035	45.000000	0.562545	0.0212509
sR	348.085522	45.000000	0.586323	0.0217265
sR	349.684985	45.000000	0.604399	0.022088
sR	351.284473	45.000000	0.619812	0.0223962
sR	352.883960	45.000000	0.633934	0.0226787
sR	354.483423	45.000000	0.647018	0.0229404
sR	356.082910	45.000000	0.654324	0.0230865
sR	357.682373	45.000000	0.66072	0.0232144
sR	359.281860	45.000000	0.666803	0.0233361
sR	360.881323	45.000000	0.669507	0.0233901
sR	362.480786	45.000000	0.670505	0.0234101
sR	364.080249	45.000000	0.673266	0.0234653
sR	365.679712	45.000000	0.672612	0.0234522
sR	367.279175	45.000000	0.671448	0.023429
sR	368.878613	45.000000	0.669237	0.0233847
sR	370.478052	45.000000	0.66554	0.0233108
sR	372.077490	45.000000	0.659044	0.0231809
sR	373.676929	45.000000	0.653354	0.0230671
sR	375.276367	45.000000	0.645324	0.0229065
sR	376.875781	45.000000	0.639064	0.0227813
sR	378.475195	45.000000	0.626413	0.0225283
sR	380.074609	45.000000	0.619068	0.0223814
sR	381.673999	45.000000	0.607747	0.0221549
sR	383.273389	45.000000	0.594609	0.0218922
sR	384.872778	45.000000	0.579908	0.0215982
sR	386.472168	45.000000	0.56264	0.0212528
sR	388.071533	45.000000	0.54452	0.0208904
sR	389.670898	45.000000	0.52533	0.0205066
sR	391.270239	45.000000	0.504692	0.0200938
sR	392.869580	45.000000	0.483074	0.0196615
sR	394.468921	45.000000	0.458716	0.0191743
sR	396.068237	45.000000	0.433486	0.0186697
sR	397.667554	45.000000	0.407138	0.0181428
sR	399.266846	45.000000	0.376253	0.0175251
sR	400.866138	45.000000	0.348364	0.0169673
sR	402.465405	45.000000	0.317768	0.0163554
sR	404.064673	45.000000	0.284779	0.0156956
sR	405.663916	45.000000	0.250647	0.0150129
sR	407.263159	45.000000	0.218604	0.0143721
sR	408.862378	45.000000	0.186452	0.013729
sR	410.461572	45.000000	0.153504	0.0130701
sR	412.060791	45.000000	0.123248	0.012465
sR	413.659961	45.000000	0.0981605	0.0119632
sR	415.259131	45.000000	0.0743125	0.0114863
sR	416.858301	45.000000	0.0550407	0.0111008
sR	418.457422	45.000000	0.038963	0.0107793
sR	420.056592	45.000000	0.0249231	0.0104985
sR	421.655664	45.000000	0.0167565	0.0103351
sR	423.254785	45.000000	0.0170983	0.010342
sR	424.853857	45.000000	0.022441	0.0104488
sR	426.452930	45.000000	0.0321872	0.0106437
sR	428.051953	45.000000	0.0463621	0.0109272
sR	429.650977	45.000000	0.0630566	0.0112611
sR	431.250000	45.000000	0.0826357	0.0116527
sR	432.848975	45.000000	0.106474	0.0121295
sR	434.447949	45.000000	0.13272	0.0126544
sR	436.046924	45.000000	0.159054	0.0131811
sR	437.645850	45.000000	0.186865	0.0137373
sR	439.244727	45.000000	0.216064	0.0143213
sR	440.843652	45.000000	0.244247	0.0148849
sR	442.442529	45.000000	0.272671	0.0154534
sR	444.041357	45.000000	0.298962	0.0159792
sR	445.640186	45.000000	0.324998	0.0165
sR	447.239014	45.000000	0.350299	0.017006
sR	448.837793	45.000000	0.374387	0.0174877
sR	450.436572	45.000000	0.397615	0.0179523
sR	452.035303	45.000000	0.418915	0.0183783
sR	453.634033	45.000000	0.438999	0.01878
sR	455.232715	45.000000	0.459116	0.0191823
sR	456.831396	45.000000	0.477726	0.0195545
sR	458.430078	45.000000	0.495483	0.0199097
sR	460.028711	45.000000	0.512058	0.0202412
sR	461.627295	45.000000	0.527295	0.0205459
sR	463.225879	45.000000	0.540375	0.0208075
sR	464.824463	45.000000	0.554439	0.0210888
sR	466.422949	45.000000	0.565635	0.0213127
sR	468.021484	45.000000	0.576707	0.0215341
sR	469.619971	45.000000	0.588357	0.0217671
sR	471.218408	45.000000	0.598344	0.0219669
sR	472.816846	45.000000	0.6079	0.022158
sR	474.415234	45.000000	0.617534	0.0223507
sR	476.013623	45.000000	0.625252	0.0225051
sR	477.611963	45.000000	0.633151	0.022663
sR	479.210254	45.000000	0.640736	0.0228147
sR	480.808545	45.000000	0.647523	0.0229505
sR	482.406836	45.000000	0.652762	0.0230552
sR	484.005029	45.000000	0.659653	0.0231931
sR	485.603271	45.000000	0.664852	0.023297
sR	487.201416	45.000000	0.671011	0.0234202
sR	488.799561	45.000000	0.675059	0.0235012
sR	490.397656	45.000000	0.679227	0.0235845
sR	491.995752	45.000000	0.68172	0.0236344
sR	493.593799	45.000000	0.684844	0.0236969
sR	495.191846	45.000000	0.68804	0.0237608
sR	496.789795	45.000000	0.691415	0.0238283
sR	498.387744	45.000000	0.69394	0.0238788
sR	499.985693	45.000000	0.697528	0.0239506
sR	501.583594	45.000000	0.70025	0.024005
sR	503.181445	45.000000	0.70178	0.0240356
sR	504.779248	45.000000	0.704135	0.0240827
sR	506.377051	45.000000	0.706996	0.0241399
sR	507.974805	45.000000	0.706785	0.0241357
sR	509.572510	45.000000	0.707493	0.0241499
sR	511.170215	45.000000	0.709181	0.0241836
sR	512.767871	45.000000	0.710743	0.0242149
sR	514.365479	45.000000	0.708407	0.0241681
sR	515.963037	45.000000	0.70958	0.0241916
sR	517.560596	45.000000	0.708732	0.0241746
sR	519.158105	45.000000	0.709313	0.0241863
sR	520.755566	45.000000	0.710052	0.024201
sR	522.353027	45.000000	0.710005	0.0242001
sR	523.950391	45.000000	0.708403	0.0241681
sR	525.547754	45.000000	0.706608	0.0241322
sR	527.145068	45.000000	0.707444	0.0241489
sR	528.742383	45.000000	0.704844	0.0240969
sR	530.339600	45.000000	0.703754	0.0240751
sR	531.936816	45.000000	0.703628	0.0240726
sR	533.533984	45.000000	0.701733	0.0240347
sR	535.131104	45.000000	0.698821	0.0239764
sR	536.728174	45.000000	0.697574	0.0239515
sR	538.325244	45.000000	0.694732	0.0238946
sR	539.922266	45.000000	0.693023	0.0238605
sR	541.519189	45.000000	0.690109	0.0238022
sR	543.116113	45.000000	0.689085	0.0237817
sR	544.712988	45.000000	0.686706	0.0237341
sR	546.309863	45.000000	0.683632	0.0236726
sR	547.906641	45.000000	0.679521	0.0235904
sR	549.503369	45.000000	0.675378	0.0235076
sR	551.100098	45.000000	0.671915	0.0234383
sR	552.696777	45.000000	0.667641	0.0233528
sR	554.293359	45.000000	0.663869	0.0232774
sR	555.889941	45.000000	0.660315	0.0232063
sR	557.486475	45.000000	0.656528	0.0231306
sR	559.082959	45.000000	0.653964	0.0230793
sR	560.679395	45.000000	0.648097	0.0229619
sR	562.275830	45.000000	0.642732	0.0228546
sR	563.872168	45.000000	0.63816	0.0227632
sR	565.468457	45.000000	0.632178	0.0226436
sR	567.064697	45.000000	0.627025	0.0225405
sR	568.660938	45.000000	0.621985	0.0224397
sR	570.257080	45.000000	0.616403	0.0223281
sR	571.853223	45.000000	0.610649	0.022213
sR	573.449268	45.000000	0.604616	0.0220923
sR	575.045313	45.000000	0.598124	0.0219625
sR	576.641260	45.000000	0.591539	0.0218308
sR	578.237207	45.000000	0.583843	0.0216769
sR	579.833057	45.000000	0.576073	0.0215215
sR	581.428857	45.000000	0.569654	0.0213931
sR	583.024658	45.000000	0.562391	0.0212478
sR	584.620361	45.000000	0.554329	0.0210866
sR	586.216064	45.000000	0.545184	0.0209037
sR	587.811670	45.000000	0.535514	0.0207103
sR	589.407227	45.000000	0.527605	0.0205521
sR	591.002734	45.000000	0.518868	0.0203774
sR	592.598193	45.000000	0.50991	0.0201982
sR	594.193604	45.000000	0.500214	0.0200043
sR	595.788965	45.000000	0.490275	0.0198055
sR	597.384277	45.000000	0.481195	0.0196239
sR	598.979541	45.000000	0.469989	0.0193998
sR	600.574756	45.000000	0.45979	0.0191958
sR	602.169873	45.000000	0.449518	0.0189904
sR	603.764990	45.000000	0.438454	0.0187691
sR	605.360010	45.000000	0.427107	0.0185421
sR	606.954980	45.000000	0.415828	0.0183166
sR	608.549902	45.000000	0.404411	0.0180882
sR	610.144775	45.000000	0.392276	0.0178455
sR	611.739600	45.000000	0.380446	0.0176089
sR	613.334375	45.000000	0.367742	0.0173548
sR	614.929053	45.000000	0.355603	0.0171121
sR	616.523730	45.000000	0.343673	0.0168735
sR	618.118311	45.000000	0.331042	0.0166208
sR	619.712842	45.000000	0.318024	0.0163605
sR	621.307275	45.000000	0.305118	0.0161024
sR	622.901709	45.000000	0.29121	0.0158242
sR	624.496045	45.000000	0.277715	0.0155543
sR	626.090381	45.000000	0.265797	0.0153159
sR	627.684570	45.000000	0.252387	0.0150477
sR	629.278760	45.000000	0.239284	0.0147857
sR	630.872900	45.000000	0.225644	0.0145129
sR	632.466943	45.000000	0.212681	0.0142536
sR	634.060938	45.000000	0.200439	0.0140088
sR	635.654883	45.000000	0.187765	0.0137553
sR	637.248730	45.000000	0.175277	0.0135055
sR	638.842529	45.000000	0.163183	0.0132637
sR	640.436279	45.000000	0.150874	0.0130175
sR	642.029980	45.000000	0.138816	0.0127763
sR	643.623584	45.000000	0.127607	0.0125521
sR	645.217139	45.000000	0.116448	0.012329
sR	646.810645	45.000000	0.105943	0.0121189
sR	648.404053	45.000000	0.0959045	0.0119181
sR	649.997412	45.000000	0.08653	0.0117306
sR	651.590723	45.000000	0.0767956	0.0115359
sR	653.183984	45.000000	0.0681917	0.0113638
sR	654.777148	45.000000	0.0597558	0.0111951
sR	656.370264	45.000000	0.0516034	0.0110321
sR	657.963281	45.000000	0.0464015	0.010928
sR	659.556250	45.000000	0.0413842	0.0108277
sR	661.149170	45.000000	0.0356966	0.0107139
sR	662.741992	45.000000	0.0307826	0.0106157
sR	664.334766	45.000000	0.0269444	0.0105389
sR	665.927490	45.000000	0.0237117	0.0104742
sR	667.520117	45.000000	0.021163	0.0104233
sR	669.112695	45.000000	0.0193586	0.0103872
sR	670.705176	45.000000	0.0186433	0.0103729
sR	672.297607	45.000000	0.0181706	0.0103634
sR	673.889990	45.000000	0.0185955	0.0103719
sR	675.482275	45.000000	0.0199436	0.0103989
sR	677.074512	45.000000	0.0217845	0.0104357
sR	678.666650	45.000000	0.02401	0.0104802
sR	680.258740	45.000000	0.0276089	0.0105522
sR	681.850732	45.000000	0.0313694	0.0106274
sR	683.442676	45.000000	0.0355336	0.0107107
sR	685.034521	45.000000	0.0405855	0.0108117
sR	686.626318	45.000000	0.0462939	0.0109259
sR	688.218066	45.000000	0.0521186	0.0110424
sR	689.809717	45.000000	0.0586782	0.0111736
sR	691.401270	45.000000	0.0658148	0.0113163
sR	692.992773	45.000000	0.0730712	0.0114614
sR	694.584229	45.000000	0.0806462	0.0116129
sR	696.175586	45.000000	0.0893091	0.0117862
sR	697.766846	45.000000	0.0975668	0.0119513
sR	699.358057	45.000000	0.105913	0.0121183
sR	700.949170	45.000000	0.114937	0.0122987
sR	702.540234	45.000000	0.124365	0.0124873
sR	704.131201	45.000000	0.133936	0.0126787
sR	705.722119	45.000000	0.143952	0.012879
sR	707.312939	45.000000	0.154183	0.0130837
sR	708.903711	45.000000	0.163177	0.0132635
sR	710.494385	45.000000	0.173569	0.0134714
sR	712.084961	45.000000	0.183678	0.0136736
sR	713.675488	45.000000	0.193742	0.0138748
sR	715.265918	45.000000	0.204017	0.0140803
sR	716.856299	45.000000	0.214007	0.0142801
sR	718.446582	45.000000	0.224115	0.0144823
sR	720.036768	45.000000	0.235629	0.0147126
sR	721.626904	45.000000	0.244938	0.0148988
sR	723.216943	45.000000	0.254223	0.0150845
sR	724.806885	45.000000	0.263904	0.0152781
sR	726.396777	45.000000	0.274659	0.0154932
sR	727.986572	45.000000	0.284945	0.0156989
sR	729.576318	45.000000	0.294359	0.0158872
sR	731.165967	45.000000	0.303833	0.0160767
sR	732.755518	45.000000	0.313185	0.0162637
sR	734.344971	45.000000	0.322894	0.0164579
sR	735.934375	45.000000	0.334042	0.0166808
sR	737.523682	45.000000	0.340639	0.0168128
sR	739.112891	45.000000	0.349277	0.0169855
sR	740.702051	45.000000	0.358792	0.0171758
sR	742.291113	45.000000	0.366702	0.017334
sR	743.880078	45.000000	0.375185	0.0175037
sR	745.468994	45.000000	0.383389	0.0176678
sR	747.057764	45.000000	0.3918	0.017836
sR	748.646484	45.000000	0.39944	0.0179888
sR	750.235156	45.000000	0.40687	0.0181374
sR	751.823682	45.000000	0.414683	0.0182937
sR	753.412158	45.000000	0.422728	0.0184546
sR	755.000537	45.000000	0.430178	0.0186036
sR	756.588818	45.000000	0.437643	0.0187529
sR	758.177002	45.000000	0.445197	0.0189039
sR	759.765137	45.000000	0.452371	0.0190474
sR	761.353125	45.000000	0.458157	0.0191631
sR	762.941064	45.000000	0.464826	0.0192965
sR	764.528906	45.000000	0.472968	0.0194594
sR	766.116699	45.000000	0.480086	0.0196017
sR	767.704346	45.000000	0.487439	0.0197488
sR	769.291943	45.000000	0.493512	0.0198702
sR	770.879443	45.000000	0.497183	0.0199437
sR	772.466846	45.000000	0.503383	0.0200677
sR	774.054150	45.000000	0.510539	0.0202108
sR	775.641357	45.000000	0.515923	0.0203185
sR	777.228467	45.000000	0.521407	0.0204281
sR	778.815527	45.000000	0.526287	0.0205257
sR	780.402441	45.000000	0.530974	0.0206195
sR	781.989307	45.000000	0.534864	0.0206973
sR	783.576074	45.000000	0.539261	0.0207852
sR	785.162744	45.000000	0.545509	0.0209102
sR	786.749316	45.000000	0.553107	0.0210621
sR	788.335791	45.000000	0.557647	0.0211529
sR	789.922168	45.000000	0.563226	0.0212645
sR	791.508447	45.000000	0.56666	0.0213332
sR	793.094629	45.000000	0.570377	0.0214075
sR	794.680762	45.000000	0.574842	0.0214968
sR	796.266748	45.000000	0.579587	0.0215917
sR	797.852637	45.000000	0.584247	0.0216849
sR	799.438477	45.000000	0.587862	0.0217572
sR	801.024170	45.000000	0.590933	0.0218187
sR	802.609814	45.000000	0.596429	0.0219286
sR	804.195313	45.000000	0.599792	0.0219958
sR	805.780762	45.000000	0.602472	0.0220494
sR	807.366064	45.000000	0.605396	0.0221079
sR	808.951318	45.000000	0.610096	0.0222019
sR	810.536426	45.000000	0.615511	0.0223102
sR	812.121484	45.000000	0.620956	0.0224191
sR	813.706396	45.000000	0.623011	0.0224602
sR	815.291211	45.000000	0.623425	0.0224685
sR	816.875977	45.000000	0.62728	0.0225456
sR	818.460596	45.000000	0.628408	0.0225682
sR	820.045117	45.000000	0.632449	0.022649
sR	821.629590	45.000000	0.636517	0.0227303
sR	823.213867	45.000000	0.640269	0.0228054
sR	824.798145	45.000000	0.641238	0.0228248
sR	826.382227	45.000000	0.644988	0.0228998
sR	827.966211	45.000000	0.649353	0.0229871
sR	829.550195	45.000000	0.653364	0.0230673
sR	831.133984	45.000000	0.654232	0.0230846
sR	832.717676	45.000000	0.655432	0.0231086
sR	834.301270	45.000000	0.658134	0.0231627
sR	835.884863	45.000000	0.660357	0.0232071
sR	837.468262	45.000000	0.66344	0.0232688
sR	839.051563	45.000000	0.667434	0.0233487
sR	840.634668	45.000000	0.670187	0.0234037
sR	842.217773	45.000000	0.672189	0.0234438
sR	843.800781	45.000000	0.673713	0.0234743
sR	845.383691	45.000000	0.675175	0.0235035
sR	846.966406	45.000000	0.679466	0.0235893
sR	848.549121	45.000000	0.68194	0.0236388
sR	850.131641	45.000000	0.681672	0.0236334
sR	851.714063	45.000000	0.68314	0.0236628
sR	853.296484	45.000000	0.687301	0.023746
sR	854.878711	45.000000	0.689103	0.0237821
sR	856.460840	45.000000	0.688126	0.0237625
sR	858.042773	45.000000	0.691843	0.0238369
sR	859.624707	45.000000	0.690646	0.0238129
sR	861.206543	45.000000	0.693227	0.0238645
sR	862.788184	45.000000	0.69505	0.023901
sR	864.369824	45.000000	0.695958	0.0239192
sR	865.951270	45.000000	0.697871	0.0239574
sR	867.532617	45.000000	0.70255	0.024051
sR	869.113867	45.000000	0.705693	0.0241139
sR	870.695020	45.000000	0.710849	0.024217
sR	872.275977	45.000000	0.711937	0.0242387
sR	873.856934	45.000000	0.711345	0.0242269
sR	875.437695	45.000000	0.712178	0.0242436
sR	877.018359	45.000000	0.712929	0.0242586
sR	878.599023	45.000000	0.710637	0.0242127
sR	880.179395	45.000000	0.714315	0.0242863
sR	881.759766	45.000000	0.720847	0.0244169
sR	883.340039	45.000000	0.717304	0.0243461
sR	884.920117	45.000000	0.717778	0.0243556
sR	886.500098	45.000000	0.721199	0.024424
sR	888.079980	45.000000	0.72252	0.0244504
sR	889.659766	45.000000	0.726512	0.0245302
sR	891.239453	45.000000	0.726377	0.0245275
sR	892.818945	45.000000	0.722265	0.0244453
sR	894.398438	45.000000	0.721584	0.0244317
sR	895.977734	45.000000	0.725943	0.0245189
sR	897.556934	45.000000	0.732226	0.0246445
sR	899.135938	45.000000	0.734619	0.0246924
sR	900.714941	45.000000	0.73223	0.0246446
sR	902.293750	45.000000	0.732698	0.024654
sR	903.872461	45.000000	0.735687	0.0247137
sR	905.451074	45.000000	0.736516	0.0247303
sR	907.029590	45.000000	0.733412	0.0246682
sR	908.607910	45.000000	0.73447	0.0246894
sR	910.186133	45.000000	0.736314	0.0247263
sR	911.764258	45.000000	0.738167	0.0247633
sR	913.342285	45.000000	0.736505	0.0247301
sR	914.920117	45.000000	0.73778	0.0247556
sR	916.497852	45.000000	0.735044	0.0247009
sR	918.075488	45.000000	0.736591	0.0247318
sR	919.653027	45.000000	0.734478	0.0246896
sR	921.230469	45.000000	0.738192	0.0247638
sR	922.807715	45.000000	0.740057	0.0248011
sR	924.384863	45.000000	0.740232	0.0248046
sR	925.961914	45.000000	0.743132	0.0248627
sR	927.538770	45.000000	0.745242	0.0249048
sR	929.115527	45.000000	0.747486	0.0249497
sR	930.692188	45.000000	0.748635	0.0249727
sR	932.268750	45.000000	0.743188	0.0248638
sR	933.845117	45.000000	0.743589	0.0248718
sR	935.421387	45.000000	0.748202	0.024964
sR	936.997559	45.000000	0.746268	0.0249254
sR	938.573535	45.000000	0.750555	0.0250111
sR	940.149414	45.000000	0.748017	0.0249603
sR	941.725195	45.000000	0.749555	0.0249911
sR	943.300879	45.000000	0.752147	0.0250429
sR	944.876367	45.000000	0.751204	0.0250241
sR	946.451758	45.000000	0.75118	0.0250236
sR	948.027051	45.000000	0.752921	0.0250584
sR	949.602148	45.000000	0.753619	0.0250724
sR	951.177148	45.000000	0.756669	0.0251334
sR	952.752051	45.000000	0.753215	0.0250643
sR	954.326758	45.000000	0.759644	0.0251929
sR	955.901367	45.000000	0.755644	0.0251129
sR	957.475879	45.000000	0.754924	0.0250985
sR	959.050195	45.000000	0.750971	0.0250194
sR	960.624512	45.000000	0.751864	0.0250373
sR	962.198535	45.000000	0.753296	0.0250659
sR	963.772559	45.000000	0.755294	0.0251059
sR	965.346387	45.000000	0.755924	0.0251185
sR	966.920020	45.000000	0.759397	0.0251879
sR	968.493652	45.000000	0.757175	0.0251435
sR	970.066992	45.000000	0.759683	0.0251937
sR	971.640332	45.000000	0.761106	0.0252221
sR	973.213477	45.000000	0.757002	0.02514
sR	974.786523	45.000000	0.758205	0.0251641
sR	976.359473	45.000000	0.760376	0.0252075
sR	977.932227	45.000000	0.762549	0.025251
sR	979.504785	45.000000	0.761663	0.0252333
sR	981.077344	45.000000	0.762607	0.0252521
sR	982.649707	45.000000	0.762736	0.0252547
sR	984.221875	45.000000	0.763936	0.0252787
sR	985.793945	45.000000	0.76505	0.025301
sR	987.365918	45.000000	0.765295	0.0253059
sR	988.937793	45.000000	0.763649	0.025273
sR	990.509375	45.000000	0.765848	0.025317
sR	992.080957	45.000000	0.766005	0.0253201
sR	993.652344	45.000000	0.766326	0.0253265
sR	995.223633	45.000000	0.762866	0.0252573
sR	996.794727	45.000000	0.765478	0.0253096
sR	998.365723	45.000000	0.766962	0.0253392
sR	999.936523	45.000000	0.762822	0.0252564
sR	1012.422852	45.000000	0.7473	0.024946
sR	1015.876367	45.000000	0.744159	0.0248832
sR	1019.329297	45.000000	0.745578	0.0249116
sR	1022.781836	45.000000	0.743494	0.0248699
sR	1026.233691	45.000000	0.743556	0.0248711
sR	1029.685059	45.000000	0.745527	0.0249105
sR	1033.135938	45.000000	0.740921	0.0248184
sR	1036.586230	45.000000	0.744937	0.0248987
sR	1040.036035	45.000000	0.746648	0.024933
sR	1043.485352	45.000000	0.746054	0.0249211
sR	1046.934082	45.000000	0.74253	0.0248506
sR	1050.382324	45.000000	0.743315	0.0248663
sR	1053.830078	45.000000	0.743742	0.0248748
sR	1057.277344	45.000000	0.742749	0.024855
sR	1060.724121	45.000000	0.742525	0.0248505
sR	1064.170410	45.000000	0.743402	0.024868
sR	1067.616113	45.000000	0.74167	0.0248334
sR	1071.061426	45.000000	0.743608	0.0248722
sR	1074.506250	45.000000	0.741304	0.0248261
sR	1077.950586	45.000000	0.739751	0.024795
sR	1081.394434	45.000000	0.7414	0.024828
sR	1084.837891	45.000000	0.738806	0.0247761
sR	1088.280762	45.000000	0.742125	0.0248425
sR	1091.723242	45.000000	0.737154	0.0247431
sR	1095.165332	45.000000	0.738047	0.0247609
sR	1098.606836	45.000000	0.737657	0.0247531
sR	1102.047949	45.000000	0.73987	0.0247974
sR	1105.488672	45.000000	0.740823	0.0248165
sR	1108.928906	45.000000	0.737068	0.0247414
sR	1112.368750	45.000000	0.733879	0.0246776
sR	1115.808105	45.000000	0.731817	0.0246363
sR	1119.247070	45.000000	0.733451	0.024669
sR	1122.685645	45.000000	0.736278	0.0247256
sR	1126.123730	45.000000	0.733259	0.0246652
sR	1129.561426	45.000000	0.730664	0.0246133
sR	1132.998730	45.000000	0.728883	0.0245777
sR	1136.435645	45.000000	0.731712	0.0246342
sR	1139.872168	45.000000	0.727937	0.0245587
sR	1143.308203	45.000000	0.724417	0.0244883
sR	1146.743945	45.000000	0.724031	0.0244806
sR	1150.179297	45.000000	0.725543	0.0245109
sR	1153.614258	45.000000	0.723732	0.0244746
sR	1157.048828	45.000000	0.72456	0.0244912
sR	1160.483008	45.000000	0.722759	0.0244552
sR	1163.916797	45.000000	0.723566	0.0244713
sR	1167.350195	45.000000	0.722028	0.0244406
sR	1170.783301	45.000000	0.721065	0.0244213
sR	1174.216016	45.000000	0.719811	0.0243962
sR	1177.648438	45.000000	0.720585	0.0244117
sR	1181.080469	45.000000	0.716217	0.0243243
sR	1184.512109	45.000000	0.71376	0.0242752
sR	1187.943457	45.000000	0.715646	0.0243129
sR	1191.374512	45.000000	0.711921	0.0242384
sR	1194.805176	45.000000	0.711654	0.0242331
sR	1198.235547	45.000000	0.709779	0.0241956
sR	1201.665527	45.000000	0.706108	0.0241222
sR	1205.095215	45.000000	0.703478	0.0240696
sR	1208.524609	45.000000	0.706425	0.0241285
sR	1211.953711	45.000000	0.703368	0.0240674
sR	1215.382422	45.000000	0.703104	0.0240621
sR	1218.810938	45.000000	0.702411	0.0240482
sR	1222.239063	45.000000	0.703624	0.0240725
sR	1225.666895	45.000000	0.6987	0.023974
sR	1229.094531	45.000000	0.696797	0.0239359
sR	1232.521777	45.000000	0.696036	0.0239207
sR	1235.948828	45.000000	0.694761	0.0238952
sR	1239.375586	45.000000	0.693826	0.0238765
sR	1242.801953	45.000000	0.692254	0.0238451
sR	1246.228223	45.000000	0.688576	0.0237715
sR	1249.654102	45.000000	0.68676	0.0237352
sR	1253.079785	45.000000	0.685617	0.0237123
sR	1256.505176	45.000000	0.68463	0.0236926
sR	1259.930273	45.000000	0.682199	0.023644
sR	1263.355273	45.000000	0.683092	0.0236618
sR	1266.779883	45.000000	0.679676	0.0235935
sR	1270.204297	45.000000	0.680543	0.0236109
sR	1273.628516	45.000000	0.674217	0.0234843
sR	1277.052441	45.000000	0.67425	0.023485
sR	1280.476172	45.000000	0.671105	0.0234221
sR	1283.899609	45.000000	0.672138	0.0234428
sR	1287.322949	45.000000	0.666548	0.023331
sR	1290.745996	45.000000	0.664931	0.0232986
sR	1294.168848	45.000000	0.664737	0.0232947
sR	1297.591504	45.000000	0.662968	0.0232594
sR	1301.013965	45.000000	0.658993	0.0231799
sR	1304.436230	45.000000	0.659724	0.0231945
sR	1307.858301	45.000000	0.656459	0.0231292
sR	1311.280078	45.000000	0.656129	0.0231226
sR	1314.701758	45.000000	0.653273	0.0230655
sR	1318.123340	45.000000	0.650519	0.0230104
sR	1321.544629	45.000000	0.647818	0.0229564
sR	1324.965723	45.000000	0.643452	0.022869
sR	1328.386719	45.000000	0.643299	0.022866
sR	1331.807520	45.000000	0.643073	0.0228615
sR	1335.228223	45.000000	0.641509	0.0228302
sR	1338.648730	45.000000	0.638122	0.0227624
sR	1342.069043	45.000000	0.63286	0.0226572
sR	1345.489258	45.000000	0.632961	0.0226592
sR	1348.909277	45.000000	0.630195	0.0226039
sR	1352.329199	45.000000	0.627874	0.0225575
sR	1355.749023	45.000000	0.628079	0.0225616
sR	1359.168652	45.000000	0.624771	0.0224954
sR	1362.588184	45.000000	0.620096	0.0224019
sR	1366.007617	45.000000	0.616162	0.0223232
sR	1369.426855	45.000000	0.614712	0.0222942
sR	1372.845996	45.000000	0.61139	0.0222278
sR	1376.265039	45.000000	0.611626	0.0222325
sR	1379.684082	45.000000	0.608356	0.0221671
sR	1383.102930	45.000000	0.606738	0.0221348
sR	1386.521680	45.000000	0.606118	0.0221223
sR	1389.940332	45.000000	0.60171	0.0220342
sR	1393.358887	45.000000	0.596374	0.0219275
sR	1396.777344	45.000000	0.596196	0.0219239
sR	1400.195801	45.000000	0.594812	0.0218962
sR	1403.614063	45.000000	0.588904	0.0217781
sR	1407.032324	45.000000	0.589758	0.0217952
sR	1410.450586	45.000000	0.584795	0.0216959
sR	1413.868652	45.000000	0.579959	0.0215992
sR	1417.286719	45.000000	0.578203	0.0215641
sR	1420.704785	45.000000	0.576084	0.0215217
sR	1424.122754	45.000000	0.574104	0.0214821
sR	1427.540625	45.000000	0.572941	0.0214588
sR	1430.958496	45.000000	0.56971	0.0213942
sR	1434.376367	45.000000	0.567613	0.0213523
sR	1437.794141	45.000000	0.561629	0.0212326
sR	1441.211914	45.000000	0.561714	0.0212343
sR	1444.629688	45.000000	0.559738	0.0211948
sR	1448.047363	45.000000	0.558288	0.0211658
sR	1451.465039	45.000000	0.553172	0.0210634
sR	1454.882813	45.000000	0.5477	0.020954
sR	1458.300488	45.000000	0.545191	0.0209038
sR	1461.718164	45.000000	0.54313	0.0208626
sR	1465.135840	45.000000	0.538689	0.0207738
sR	1468.553516	45.000000	0.536988	0.0207398
sR	1471.971191	45.000000	0.53019	0.0206038
sR	1475.388867	45.000000	0.527022	0.0205404
sR	1478.806543	45.000000	0.522526	0.0204505
sR	1482.224316	45.000000	0.525449	0.020509
sR	1485.642090	45.000000	0.518538	0.0203708
sR	1489.059863	45.000000	0.519704	0.0203941
sR	1492.477734	45.000000	0.514983	0.0202997
sR	1495.895508	45.000000	0.513964	0.0202793
sR	1499.313477	45.000000	0.509167	0.0201833
sR	1502.731445	45.000000	0.505928	0.0201186
sR	1506.149414	45.000000	0.505471	0.0201094
sR	1509.567480	45.000000	0.501938	0.0200388
sR	1512.985547	45.000000	0.494577	0.0198915
sR	1516.403711	45.000000	0.49206	0.0198412
sR	1519.821973	45.000000	0.48716	0.0197432
sR	1523.240234	45.000000	0.480918	0.0196184
sR	1526.658691	45.000000	0.478023	0.0195605
sR	1530.077148	45.000000	0.479294	0.0195859
sR	1533.495703	45.000000	0.475139	0.0195028
sR	1536.914258	45.000000	0.469863	0.0193973
sR	1540.333008	45.000000	0.468785	0.0193757
sR	1543.751855	45.000000	0.468318	0.0193664
sR	1547.170801	45.000000	0.464503	0.0192901
sR	1550.589844	45.000000	0.458154	0.0191631
sR	1554.008887	45.000000	0.453663	0.0190733
sR	1557.428223	45.000000	0.453368	0.0190674
sR	1560.847559	45.000000	0.44332	0.0188664
sR	1564.266992	45.000000	0.441972	0.0188394
sR	1567.686621	45.000000	0.440117	0.0188023
sR	1571.106348	45.000000	0.436059	0.0187212
sR	1574.526270	45.000000	0.432567	0.0186513
sR	1577.946289	45.000000	0.430722	0.0186144
sR	1581.366406	45.000000	0.424364	0.0184873
sR	1584.786719	45.000000	0.424502	0.01849
sR	1588.207227	45.000000	0.417335	0.0183467
sR	1591.627832	45.000000	0.413086	0.0182617
sR	1595.048535	45.000000	0.413067	0.0182613
sR	1598.469531	45.000000	0.410231	0.0182046
sR	1601.890625	45.000000	0.406632	0.0181326
sR	1605.311816	45.000000	0.402456	0.0180491
sR	1608.733301	45.000000	0.398408	0.0179682
sR	1612.154883	45.000000	0.393302	0.017866
sR	1615.576758	45.000000	0.389431	0.0177886
sR	1618.998730	45.000000	0.384868	0.0176974
sR	1622.420898	45.000000	0.382473	0.0176495
sR	1625.843262	45.000000	0.381263	0.0176253
sR	1629.265918	45.000000	0.376417	0.0175283
sR	1632.688672	45.000000	0.37188	0.0174376
sR	1636.111719	45.000000	0.368252	0.017365
sR	1639.534961	45.000000	0.363888	0.0172778
sR	1642.958398	45.000000	0.360768	0.0172154
sR	1646.382031	45.000000	0.356007	0.0171201
sR	1649.805859	45.000000	0.354597	0.0170919
sR	1653.230078	45.000000	0.347805	0.0169561
sR	1656.654297	45.000000	0.342692	0.0168538
sR	1660.078906	45.000000	0.339438	0.0167888
sR	1663.503711	45.000000	0.336053	0.0167211
sR	1666.928906	45.000000	0.335582	0.0167116
sR	1670.354102	45.000000	0.32971	0.0165942
sR	1673.779688	45.000000	0.327606	0.0165521
sR	1677.205664	45.000000	0.324013	0.0164803
sR	1680.631641	45.000000	0.320509	0.0164102
sR	1684.058008	45.000000	0.317218	0.0163444
sR	1687.484766	45.000000	0.316233	0.0163247
sR	1690.911719	45.000000	0.314411	0.0162882
sR	1694.338867	45.000000	0.309574	0.0161915
sR	1697.766406	45.000000	0.309258	0.0161852