OTS on SiO2 10 mm 02/26/07 rs single angle
RTmethod[PolRT=89.92, RevsRT=100, WVASE=3.616, HardVer=17.034, Mon Feb 26 10:59:25 2007]
Original[ots_sio2_10mm_02262007_rs.dat]
nm
sR	245.732520	45.000000	0.72425	0.024485
sR	247.331348	45.000000	0.738427	0.0247685
sR	248.930176	45.000000	0.751808	0.0250362
sR	250.529053	45.000000	0.761964	0.0252393
sR	252.127954	45.000000	0.770688	0.0254138
sR	253.726855	45.000000	0.777275	0.0255455
sR	255.325781	45.000000	0.783206	0.0256641
sR	256.924731	45.000000	0.787819	0.0257564
sR	258.523706	45.000000	0.791288	0.0258258
sR	260.122681	45.000000	0.792852	0.025857
sR	261.721680	45.000000	0.792075	0.0258415
sR	263.320703	45.000000	0.792174	0.0258435
sR	264.919751	45.000000	0.790628	0.0258126
sR	266.518799	45.000000	0.788384	0.0257677
sR	268.117871	45.000000	0.78324	0.0256648
sR	269.716968	45.000000	0.778604	0.0255721
sR	271.316089	45.000000	0.770388	0.0254078
sR	272.915210	45.000000	0.759589	0.0251918
sR	274.514331	45.000000	0.745309	0.0249062
sR	276.113501	45.000000	0.730181	0.0246036
sR	277.712646	45.000000	0.711378	0.0242276
sR	279.311841	45.000000	0.688002	0.02376
sR	280.911035	45.000000	0.663321	0.0232664
sR	282.510254	45.000000	0.63761	0.0227522
sR	284.109473	45.000000	0.605809	0.0221162
sR	285.708716	45.000000	0.575489	0.0215098
sR	287.307959	45.000000	0.541353	0.0208271
sR	288.907202	45.000000	0.506103	0.0201221
sR	290.506494	45.000000	0.465937	0.0193187
sR	292.105762	45.000000	0.428081	0.0185616
sR	293.705078	45.000000	0.392258	0.0178452
sR	295.304370	45.000000	0.361357	0.0172271
sR	296.903687	45.000000	0.336117	0.0167223
sR	298.503027	45.000000	0.317177	0.0163435
sR	300.102368	45.000000	0.303818	0.0160764
sR	301.701709	45.000000	0.297729	0.0159546
sR	303.301074	45.000000	0.295792	0.0159158
sR	304.900439	45.000000	0.301299	0.016026
sR	306.499805	45.000000	0.309192	0.0161838
sR	308.099194	45.000000	0.320327	0.0164065
sR	309.698584	45.000000	0.335617	0.0167123
sR	311.297998	45.000000	0.351788	0.0170358
sR	312.897388	45.000000	0.370132	0.0174026
sR	314.496802	45.000000	0.389936	0.0177987
sR	316.096216	45.000000	0.40686	0.0181372
sR	317.695654	45.000000	0.42552	0.0185104
sR	319.295093	45.000000	0.444147	0.0188829
sR	320.894531	45.000000	0.463387	0.0192677
sR	322.493970	45.000000	0.479391	0.0195878
sR	324.093408	45.000000	0.496479	0.0199296
sR	325.692871	45.000000	0.511736	0.0202347
sR	327.292334	45.000000	0.525762	0.0205152
sR	328.891797	45.000000	0.540299	0.020806
sR	330.491260	45.000000	0.55312	0.0210624
sR	332.090723	45.000000	0.565435	0.0213087
sR	333.690186	45.000000	0.578714	0.0215743
sR	335.289673	45.000000	0.588503	0.0217701
sR	336.889136	45.000000	0.600438	0.0220088
sR	338.488623	45.000000	0.606163	0.0221233
sR	340.088110	45.000000	0.615978	0.0223196
sR	341.687573	45.000000	0.624889	0.0224978
sR	343.287061	45.000000	0.632842	0.0226569
sR	344.886548	45.000000	0.638085	0.0227617
sR	346.486035	45.000000	0.644258	0.0228852
sR	348.085522	45.000000	0.650993	0.0230199
sR	349.684985	45.000000	0.656213	0.0231243
sR	351.284473	45.000000	0.66155	0.023231
sR	352.883960	45.000000	0.666641	0.0233328
sR	354.483423	45.000000	0.672033	0.0234407
sR	356.082910	45.000000	0.679557	0.0235911
sR	357.682373	45.000000	0.683779	0.0236756
sR	359.281860	45.000000	0.687798	0.023756
sR	360.881323	45.000000	0.693097	0.0238619
sR	362.480786	45.000000	0.695498	0.02391
sR	364.080249	45.000000	0.697034	0.0239407
sR	365.679712	45.000000	0.698249	0.023965
sR	367.279175	45.000000	0.700746	0.0240149
sR	368.878613	45.000000	0.697796	0.0239559
sR	370.478052	45.000000	0.695044	0.0239009
sR	372.077490	45.000000	0.690388	0.0238078
sR	373.676929	45.000000	0.685708	0.0237142
sR	375.276367	45.000000	0.677717	0.0235543
sR	376.875781	45.000000	0.671846	0.0234369
sR	378.475195	45.000000	0.664795	0.0232959
sR	380.074609	45.000000	0.656222	0.0231244
sR	381.673999	45.000000	0.648459	0.0229692
sR	383.273389	45.000000	0.640576	0.0228115
sR	384.872778	45.000000	0.631332	0.0226266
sR	386.472168	45.000000	0.623248	0.022465
sR	388.071533	45.000000	0.61321	0.0222642
sR	389.670898	45.000000	0.604229	0.0220846
sR	391.270239	45.000000	0.595216	0.0219043
sR	392.869580	45.000000	0.586976	0.0217395
sR	394.468921	45.000000	0.57662	0.0215324
sR	396.068237	45.000000	0.568208	0.0213641
sR	397.667554	45.000000	0.558798	0.021176
sR	399.266846	45.000000	0.549749	0.020995
sR	400.866138	45.000000	0.540367	0.0208074
sR	402.465405	45.000000	0.530717	0.0206143
sR	404.064673	45.000000	0.520803	0.0204161
sR	405.663916	45.000000	0.510903	0.0202181
sR	407.263159	45.000000	0.499841	0.0199968
sR	408.862378	45.000000	0.489016	0.0197803
sR	410.461572	45.000000	0.47693	0.0195386
sR	412.060791	45.000000	0.466969	0.0193394
sR	413.659961	45.000000	0.45825	0.019165
sR	415.259131	45.000000	0.44589	0.0189178
sR	416.858301	45.000000	0.433972	0.0186794
sR	418.457422	45.000000	0.422391	0.0184478
sR	420.056592	45.000000	0.410332	0.0182066
sR	421.655664	45.000000	0.398789	0.0179758
sR	423.254785	45.000000	0.386905	0.0177381
sR	424.853857	45.000000	0.375708	0.0175142
sR	426.452930	45.000000	0.362714	0.0172543
sR	428.051953	45.000000	0.351064	0.0170213
sR	429.650977	45.000000	0.33841	0.0167682
sR	431.250000	45.000000	0.324947	0.0164989
sR	432.848975	45.000000	0.313953	0.0162791
sR	434.447949	45.000000	0.301781	0.0160356
sR	436.046924	45.000000	0.288962	0.0157792
sR	437.645850	45.000000	0.277864	0.0155573
sR	439.244727	45.000000	0.26546	0.0153092
sR	440.843652	45.000000	0.254322	0.0150864
sR	442.442529	45.000000	0.242268	0.0148454
sR	444.041357	45.000000	0.230897	0.0146179
sR	445.640186	45.000000	0.219817	0.0143963
sR	447.239014	45.000000	0.208578	0.0141716
sR	448.837793	45.000000	0.198912	0.0139782
sR	450.436572	45.000000	0.188432	0.0137686
sR	452.035303	45.000000	0.178306	0.0135661
sR	453.634033	45.000000	0.168764	0.0133753
sR	455.232715	45.000000	0.160111	0.0132022
sR	456.831396	45.000000	0.151065	0.0130213
sR	458.430078	45.000000	0.142604	0.0128521
sR	460.028711	45.000000	0.135172	0.0127034
sR	461.627295	45.000000	0.127513	0.0125503
sR	463.225879	45.000000	0.120365	0.0124073
sR	464.824463	45.000000	0.114278	0.0122856
sR	466.422949	45.000000	0.108835	0.0121767
sR	468.021484	45.000000	0.103153	0.0120631
sR	469.619971	45.000000	0.0991916	0.0119838
sR	471.218408	45.000000	0.0947368	0.0118947
sR	472.816846	45.000000	0.0908538	0.0118171
sR	474.415234	45.000000	0.0884903	0.0117698
sR	476.013623	45.000000	0.0860133	0.0117203
sR	477.611963	45.000000	0.0835881	0.0116718
sR	479.210254	45.000000	0.0825212	0.0116504
sR	480.808545	45.000000	0.0818562	0.0116371
sR	482.406836	45.000000	0.080917	0.0116183
sR	484.005029	45.000000	0.0815546	0.0116311
sR	485.603271	45.000000	0.0823094	0.0116462
sR	487.201416	45.000000	0.0832927	0.0116659
sR	488.799561	45.000000	0.084519	0.0116904
sR	490.397656	45.000000	0.0868938	0.0117379
sR	491.995752	45.000000	0.0888482	0.011777
sR	493.593799	45.000000	0.0915848	0.0118317
sR	495.191846	45.000000	0.0952589	0.0119052
sR	496.789795	45.000000	0.0980824	0.0119616
sR	498.387744	45.000000	0.102201	0.012044
sR	499.985693	45.000000	0.106466	0.0121293
sR	501.583594	45.000000	0.110609	0.0122122
sR	503.181445	45.000000	0.115302	0.012306
sR	504.779248	45.000000	0.120314	0.0124063
sR	506.377051	45.000000	0.12519	0.0125038
sR	507.974805	45.000000	0.130619	0.0126124
sR	509.572510	45.000000	0.135474	0.0127095
sR	511.170215	45.000000	0.141225	0.0128245
sR	512.767871	45.000000	0.146841	0.0129368
sR	514.365479	45.000000	0.152346	0.0130469
sR	515.963037	45.000000	0.158547	0.0131709
sR	517.560596	45.000000	0.163845	0.0132769
sR	519.158105	45.000000	0.170403	0.0134081
sR	520.755566	45.000000	0.176591	0.0135318
sR	522.353027	45.000000	0.18246	0.0136492
sR	523.950391	45.000000	0.188429	0.0137686
sR	525.547754	45.000000	0.194402	0.013888
sR	527.145068	45.000000	0.199926	0.0139985
sR	528.742383	45.000000	0.206448	0.014129
sR	530.339600	45.000000	0.211937	0.0142387
sR	531.936816	45.000000	0.218071	0.0143614
sR	533.533984	45.000000	0.224537	0.0144907
sR	535.131104	45.000000	0.230569	0.0146114
sR	536.728174	45.000000	0.236588	0.0147318
sR	538.325244	45.000000	0.242579	0.0148516
sR	539.922266	45.000000	0.248973	0.0149795
sR	541.519189	45.000000	0.25456	0.0150912
sR	543.116113	45.000000	0.260715	0.0152143
sR	544.712988	45.000000	0.26687	0.0153374
sR	546.309863	45.000000	0.272654	0.0154531
sR	547.906641	45.000000	0.277958	0.0155592
sR	549.503369	45.000000	0.283249	0.015665
sR	551.100098	45.000000	0.288559	0.0157712
sR	552.696777	45.000000	0.293851	0.015877
sR	554.293359	45.000000	0.298699	0.015974
sR	555.889941	45.000000	0.304633	0.0160927
sR	557.486475	45.000000	0.309721	0.0161944
sR	559.082959	45.000000	0.314658	0.0162931
sR	560.679395	45.000000	0.320015	0.0164003
sR	562.275830	45.000000	0.324608	0.0164922
sR	563.872168	45.000000	0.3292	0.016584
sR	565.468457	45.000000	0.333963	0.0166792
sR	567.064697	45.000000	0.338419	0.0167684
sR	568.660938	45.000000	0.343159	0.0168632
sR	570.257080	45.000000	0.347897	0.0169579
sR	571.853223	45.000000	0.352629	0.0170526
sR	573.449268	45.000000	0.356502	0.01713
sR	575.045313	45.000000	0.360074	0.0172015
sR	576.641260	45.000000	0.364241	0.0172848
sR	578.237207	45.000000	0.368513	0.0173703
sR	579.833057	45.000000	0.371889	0.0174378
sR	581.428857	45.000000	0.376306	0.0175261
sR	583.024658	45.000000	0.380507	0.0176101
sR	584.620361	45.000000	0.383172	0.0176634
sR	586.216064	45.000000	0.386401	0.017728
sR	587.811670	45.000000	0.389028	0.0177805
sR	589.407227	45.000000	0.392948	0.017859
sR	591.002734	45.000000	0.396296	0.0179259
sR	592.598193	45.000000	0.399964	0.0179993
sR	594.193604	45.000000	0.403347	0.0180669
sR	595.788965	45.000000	0.406295	0.0181259
sR	597.384277	45.000000	0.408549	0.018171
sR	598.979541	45.000000	0.411732	0.0182346
sR	600.574756	45.000000	0.415081	0.0183016
sR	602.169873	45.000000	0.4183	0.018366
sR	603.764990	45.000000	0.42052	0.0184104
sR	605.360010	45.000000	0.422353	0.0184471
sR	606.954980	45.000000	0.425003	0.0185001
sR	608.549902	45.000000	0.427896	0.0185579
sR	610.144775	45.000000	0.430432	0.0186086
sR	611.739600	45.000000	0.432824	0.0186565
sR	613.334375	45.000000	0.435433	0.0187087
sR	614.929053	45.000000	0.437841	0.0187568
sR	616.523730	45.000000	0.439347	0.0187869
sR	618.118311	45.000000	0.441336	0.0188267
sR	619.712842	45.000000	0.443813	0.0188763
sR	621.307275	45.000000	0.446802	0.018936
sR	622.901709	45.000000	0.447729	0.0189546
sR	624.496045	45.000000	0.44927	0.0189854
sR	626.090381	45.000000	0.451374	0.0190275
sR	627.684570	45.000000	0.453089	0.0190618
sR	629.278760	45.000000	0.455418	0.0191084
sR	630.872900	45.000000	0.455947	0.0191189
sR	632.466943	45.000000	0.457735	0.0191547
sR	634.060938	45.000000	0.459235	0.0191847
sR	635.654883	45.000000	0.461522	0.0192304
sR	637.248730	45.000000	0.462626	0.0192525
sR	638.842529	45.000000	0.46383	0.0192766
sR	640.436279	45.000000	0.465419	0.0193084
sR	642.029980	45.000000	0.465802	0.019316
sR	643.623584	45.000000	0.46752	0.0193504
sR	645.217139	45.000000	0.468661	0.0193732
sR	646.810645	45.000000	0.470622	0.0194124
sR	648.404053	45.000000	0.471703	0.0194341
sR	649.997412	45.000000	0.472615	0.0194523
sR	651.590723	45.000000	0.473236	0.0194647
sR	653.183984	45.000000	0.474753	0.0194951
sR	654.777148	45.000000	0.476162	0.0195232
sR	656.370264	45.000000	0.474242	0.0194848
sR	657.963281	45.000000	0.475447	0.0195089
sR	659.556250	45.000000	0.47611	0.0195222
sR	661.149170	45.000000	0.479839	0.0195968
sR	662.741992	45.000000	0.480636	0.0196127
sR	664.334766	45.000000	0.481603	0.0196321
sR	665.927490	45.000000	0.48294	0.0196588
sR	667.520117	45.000000	0.483424	0.0196685
sR	669.112695	45.000000	0.48335	0.019667
sR	670.705176	45.000000	0.48375	0.019675
sR	672.297607	45.000000	0.484271	0.0196854
sR	673.889990	45.000000	0.484446	0.0196889
sR	675.482275	45.000000	0.484812	0.0196962
sR	677.074512	45.000000	0.485788	0.0197158
sR	678.666650	45.000000	0.48647	0.0197294
sR	680.258740	45.000000	0.486866	0.0197373
sR	681.850732	45.000000	0.487982	0.0197596
sR	683.442676	45.000000	0.487828	0.0197566
sR	685.034521	45.000000	0.487411	0.0197482
sR	686.626318	45.000000	0.488627	0.0197725
sR	688.218066	45.000000	0.488456	0.0197691
sR	689.809717	45.000000	0.488723	0.0197745
sR	691.401270	45.000000	0.48908	0.0197816
sR	692.992773	45.000000	0.49012	0.0198024
sR	694.584229	45.000000	0.489929	0.0197986
sR	696.175586	45.000000	0.48995	0.019799
sR	697.766846	45.000000	0.488991	0.0197798
sR	699.358057	45.000000	0.488559	0.0197712
sR	700.949170	45.000000	0.488438	0.0197688
sR	702.540234	45.000000	0.489138	0.0197828
sR	704.131201	45.000000	0.489103	0.0197821
sR	705.722119	45.000000	0.489595	0.0197919
sR	707.312939	45.000000	0.490265	0.0198053
sR	708.903711	45.000000	0.488758	0.0197752
sR	710.494385	45.000000	0.48965	0.019793
sR	712.084961	45.000000	0.490041	0.0198008
sR	713.675488	45.000000	0.48854	0.0197708
sR	715.265918	45.000000	0.488778	0.0197756
sR	716.856299	45.000000	0.487436	0.0197487
sR	718.446582	45.000000	0.488409	0.0197682
sR	720.036768	45.000000	0.490768	0.0198154
sR	721.626904	45.000000	0.488726	0.0197745
sR	723.216943	45.000000	0.488372	0.0197674
sR	724.806885	45.000000	0.48737	0.0197474
sR	726.396777	45.000000	0.487254	0.0197451
sR	727.986572	45.000000	0.486974	0.0197395
sR	729.576318	45.000000	0.486664	0.0197333
sR	731.165967	45.000000	0.486983	0.0197397
sR	732.755518	45.000000	0.486332	0.0197266
sR	734.344971	45.000000	0.486168	0.0197234
sR	735.934375	45.000000	0.487772	0.0197554
sR	737.523682	45.000000	0.485703	0.0197141
sR	739.112891	45.000000	0.484005	0.0196801
sR	740.702051	45.000000	0.484254	0.0196851
sR	742.291113	45.000000	0.483851	0.019677
sR	743.880078	45.000000	0.482444	0.0196489
sR	745.468994	45.000000	0.482277	0.0196455
sR	747.057764	45.000000	0.483452	0.019669
sR	748.646484	45.000000	0.482052	0.019641
sR	750.235156	45.000000	0.482466	0.0196493
sR	751.823682	45.000000	0.481639	0.0196328
sR	753.412158	45.000000	0.480642	0.0196128
sR	755.000537	45.000000	0.481146	0.0196229
sR	756.588818	45.000000	0.479712	0.0195942
sR	758.177002	45.000000	0.479164	0.0195833
sR	759.765137	45.000000	0.476594	0.0195319
sR	761.353125	45.000000	0.475828	0.0195166
sR	762.941064	45.000000	0.474869	0.0194974
sR	764.528906	45.000000	0.475135	0.0195027
sR	766.116699	45.000000	0.4758	0.019516
sR	767.704346	45.000000	0.476481	0.0195296
sR	769.291943	45.000000	0.473764	0.0194753
sR	770.879443	45.000000	0.471122	0.0194224
sR	772.466846	45.000000	0.471625	0.0194325
sR	774.054150	45.000000	0.472629	0.0194526
sR	775.641357	45.000000	0.470415	0.0194083
sR	777.228467	45.000000	0.469117	0.0193823
sR	778.815527	45.000000	0.467082	0.0193416
sR	780.402441	45.000000	0.465877	0.0193175
sR	781.989307	45.000000	0.464787	0.0192957
sR	783.576074	45.000000	0.462269	0.0192454
sR	785.162744	45.000000	0.461405	0.0192281
sR	786.749316	45.000000	0.46277	0.0192554
sR	788.335791	45.000000	0.462258	0.0192452
sR	789.922168	45.000000	0.461723	0.0192345
sR	791.508447	45.000000	0.460532	0.0192106
sR	793.094629	45.000000	0.458704	0.0191741
sR	794.680762	45.000000	0.45748	0.0191496
sR	796.266748	45.000000	0.457784	0.0191557
sR	797.852637	45.000000	0.457059	0.0191412
sR	799.438477	45.000000	0.454252	0.019085
sR	801.024170	45.000000	0.453095	0.0190619
sR	802.609814	45.000000	0.453553	0.0190711
sR	804.195313	45.000000	0.452933	0.0190587
sR	805.780762	45.000000	0.45119	0.0190238
sR	807.366064	45.000000	0.450019	0.0190004
sR	808.951318	45.000000	0.44961	0.0189922
sR	810.536426	45.000000	0.449522	0.0189904
sR	812.121484	45.000000	0.448767	0.0189753
sR	813.706396	45.000000	0.44693	0.0189386
sR	815.291211	45.000000	0.444738	0.0188948
sR	816.875977	45.000000	0.443393	0.0188679
sR	818.460596	45.000000	0.440986	0.0188197
sR	820.045117	45.000000	0.439715	0.0187943
sR	821.629590	45.000000	0.439512	0.0187902
sR	823.213867	45.000000	0.438528	0.0187706
sR	824.798145	45.000000	0.436584	0.0187317
sR	826.382227	45.000000	0.434581	0.0186916
sR	827.966211	45.000000	0.435127	0.0187025
sR	829.550195	45.000000	0.434637	0.0186927
sR	831.133984	45.000000	0.432516	0.0186503
sR	832.717676	45.000000	0.431282	0.0186256
sR	834.301270	45.000000	0.430382	0.0186076
sR	835.884863	45.000000	0.42855	0.018571
sR	837.468262	45.000000	0.427681	0.0185536
sR	839.051563	45.000000	0.426901	0.018538
sR	840.634668	45.000000	0.425116	0.0185023
sR	842.217773	45.000000	0.424673	0.0184935
sR	843.800781	45.000000	0.42238	0.0184476
sR	845.383691	45.000000	0.420659	0.0184132
sR	846.966406	45.000000	0.422119	0.0184424
sR	848.549121	45.000000	0.419194	0.0183839
sR	850.131641	45.000000	0.417341	0.0183468
sR	851.714063	45.000000	0.41581	0.0183162
sR	853.296484	45.000000	0.416527	0.0183305
sR	854.878711	45.000000	0.414075	0.0182815
sR	856.460840	45.000000	0.410116	0.0182023
sR	858.042773	45.000000	0.410066	0.0182013
sR	859.624707	45.000000	0.407946	0.0181589
sR	861.206543	45.000000	0.405802	0.018116
sR	862.788184	45.000000	0.405987	0.0181197
sR	864.369824	45.000000	0.40319	0.0180638
sR	865.951270	45.000000	0.402855	0.0180571
sR	867.532617	45.000000	0.40207	0.0180414
sR	869.113867	45.000000	0.401113	0.0180223
sR	870.695020	45.000000	0.401619	0.0180324
sR	872.275977	45.000000	0.399504	0.0179901
sR	873.856934	45.000000	0.397648	0.017953
sR	875.437695	45.000000	0.395559	0.0179112
sR	877.018359	45.000000	0.395	0.0179
sR	878.599023	45.000000	0.391971	0.0178394
sR	880.179395	45.000000	0.392027	0.0178405
sR	881.759766	45.000000	0.390998	0.01782
sR	883.340039	45.000000	0.387789	0.0177558
sR	884.920117	45.000000	0.384946	0.0176989
sR	886.500098	45.000000	0.384761	0.0176952
sR	888.079980	45.000000	0.38424	0.0176848
sR	889.659766	45.000000	0.383891	0.0176778
sR	891.239453	45.000000	0.380936	0.0176187
sR	892.818945	45.000000	0.377062	0.0175412
sR	894.398438	45.000000	0.375969	0.0175194
sR	895.977734	45.000000	0.373697	0.0174739
sR	897.556934	45.000000	0.375146	0.0175029
sR	899.135938	45.000000	0.374824	0.0174965
sR	900.714941	45.000000	0.37206	0.0174412
sR	902.293750	45.000000	0.369761	0.0173952
sR	903.872461	45.000000	0.368788	0.0173758
sR	905.451074	45.000000	0.368974	0.0173795
sR	907.029590	45.000000	0.364327	0.0172865
sR	908.607910	45.000000	0.363361	0.0172672
sR	910.186133	45.000000	0.361995	0.0172399
sR	911.764258	45.000000	0.360474	0.0172095
sR	913.342285	45.000000	0.358141	0.0171628
sR	914.920117	45.000000	0.356636	0.0171327
sR	916.497852	45.000000	0.353697	0.0170739
sR	918.075488	45.000000	0.351983	0.0170397
sR	919.653027	45.000000	0.349847	0.0169969
sR	921.230469	45.000000	0.350021	0.0170004
sR	922.807715	45.000000	0.34846	0.0169692
sR	924.384863	45.000000	0.346207	0.0169242
sR	925.961914	45.000000	0.345324	0.0169065
sR	927.538770	45.000000	0.345624	0.0169125
sR	929.115527	45.000000	0.343592	0.0168718
sR	930.692188	45.000000	0.341811	0.0168362
sR	932.268750	45.000000	0.338607	0.0167721
sR	933.845117	45.000000	0.336748	0.016735
sR	935.421387	45.000000	0.335701	0.016714
sR	936.997559	45.000000	0.334576	0.0166915
sR	938.573535	45.000000	0.334559	0.0166912
sR	940.149414	45.000000	0.3328	0.016656
sR	941.725195	45.000000	0.329476	0.0165895
sR	943.300879	45.000000	0.327661	0.0165532
sR	944.876367	45.000000	0.32772	0.0165544
sR	946.451758	45.000000	0.324522	0.0164904
sR	948.027051	45.000000	0.322982	0.0164596
sR	949.602148	45.000000	0.32096	0.0164192
sR	951.177148	45.000000	0.318574	0.0163715
sR	952.752051	45.000000	0.316569	0.0163314
sR	954.326758	45.000000	0.317389	0.0163478
sR	955.901367	45.000000	0.312933	0.0162587
sR	957.475879	45.000000	0.309142	0.0161828
sR	959.050195	45.000000	0.306065	0.0161213
sR	960.624512	45.000000	0.306761	0.0161352
sR	962.198535	45.000000	0.305591	0.0161118
sR	963.772559	45.000000	0.304776	0.0160955
sR	965.346387	45.000000	0.303776	0.0160755
sR	966.920020	45.000000	0.301503	0.0160301
sR	968.493652	45.000000	0.299552	0.015991
sR	970.066992	45.000000	0.298705	0.0159741
sR	971.640332	45.000000	0.297303	0.0159461
sR	973.213477	45.000000	0.294908	0.0158982
sR	974.786523	45.000000	0.292627	0.0158525
sR	976.359473	45.000000	0.292088	0.0158418
sR	977.932227	45.000000	0.290432	0.0158086
sR	979.504785	45.000000	0.289581	0.0157916
sR	981.077344	45.000000	0.287535	0.0157507
sR	982.649707	45.000000	0.286667	0.0157333
sR	984.221875	45.000000	0.284737	0.0156947
sR	985.793945	45.000000	0.284021	0.0156804
sR	987.365918	45.000000	0.28224	0.0156448
sR	988.937793	45.000000	0.279445	0.0155889
sR	990.509375	45.000000	0.278481	0.0155696
sR	992.080957	45.000000	0.277092	0.0155418
sR	993.652344	45.000000	0.276279	0.0155256
sR	995.223633	45.000000	0.274534	0.0154907
sR	996.794727	45.000000	0.272378	0.0154476
sR	998.365723	45.000000	0.270852	0.015417
sR	999.936523	45.000000	0.267992	0.0153598
sR	1012.422852	45.000000	0.244562	0.0148912
sR	1015.876367	45.000000	0.24106	0.0148212
sR	1019.329297	45.000000	0.236827	0.0147365
sR	1022.781836	45.000000	0.233967	0.0146793
sR	1026.233691	45.000000	0.230057	0.0146011
sR	1029.685059	45.000000	0.227421	0.0145484
sR	1033.135938	45.000000	0.223146	0.0144629
sR	1036.586230	45.000000	0.220797	0.0144159
sR	1040.036035	45.000000	0.21719	0.0143438
sR	1043.485352	45.000000	0.214464	0.0142893
sR	1046.934082	45.000000	0.209756	0.0141951
sR	1050.382324	45.000000	0.207713	0.0141542
sR	1053.830078	45.000000	0.203662	0.0140732
sR	1057.277344	45.000000	0.201072	0.0140214
sR	1060.724121	45.000000	0.197365	0.0139473
sR	1064.170410	45.000000	0.194662	0.0138932
sR	1067.616113	45.000000	0.190621	0.0138124
sR	1071.061426	45.000000	0.18875	0.013775
sR	1074.506250	45.000000	0.184524	0.0136905
sR	1077.950586	45.000000	0.182191	0.0136438
sR	1081.394434	45.000000	0.178891	0.0135778
sR	1084.837891	45.000000	0.175763	0.0135153
sR	1088.280762	45.000000	0.17326	0.0134652
sR	1091.723242	45.000000	0.169581	0.0133916
sR	1095.165332	45.000000	0.166402	0.013328
sR	1098.606836	45.000000	0.164001	0.01328
sR	1102.047949	45.000000	0.161105	0.0132221
sR	1105.488672	45.000000	0.158514	0.0131703
sR	1108.928906	45.000000	0.154987	0.0130997
sR	1112.368750	45.000000	0.152102	0.013042
sR	1115.808105	45.000000	0.148819	0.0129764
sR	1119.247070	45.000000	0.146859	0.0129372
sR	1122.685645	45.000000	0.144308	0.0128862
sR	1126.123730	45.000000	0.141599	0.012832
sR	1129.561426	45.000000	0.138107	0.0127621
sR	1132.998730	45.000000	0.135887	0.0127177
sR	1136.435645	45.000000	0.133597	0.0126719
sR	1139.872168	45.000000	0.130341	0.0126068
sR	1143.308203	45.000000	0.127441	0.0125488
sR	1146.743945	45.000000	0.125321	0.0125064
sR	1150.179297	45.000000	0.12268	0.0124536
sR	1153.614258	45.000000	0.120769	0.0124154
sR	1157.048828	45.000000	0.118112	0.0123622
sR	1160.483008	45.000000	0.115907	0.0123181
sR	1163.916797	45.000000	0.113446	0.0122689
sR	1167.350195	45.000000	0.111472	0.0122294
sR	1170.783301	45.000000	0.108728	0.0121746
sR	1174.216016	45.000000	0.106844	0.0121369
sR	1177.648438	45.000000	0.104399	0.012088
sR	1181.080469	45.000000	0.101886	0.0120377
sR	1184.512109	45.000000	0.0994613	0.0119892
sR	1187.943457	45.000000	0.0981725	0.0119634
sR	1191.374512	45.000000	0.0953721	0.0119074
sR	1194.805176	45.000000	0.0939671	0.0118793
sR	1198.235547	45.000000	0.0913386	0.0118268
sR	1201.665527	45.000000	0.0893598	0.0117872
sR	1205.095215	45.000000	0.0868883	0.0117378
sR	1208.524609	45.000000	0.085811	0.0117162
sR	1211.953711	45.000000	0.0833579	0.0116672
sR	1215.382422	45.000000	0.0821479	0.011643
sR	1218.810938	45.000000	0.080057	0.0116011
sR	1222.239063	45.000000	0.079171	0.0115834
sR	1225.666895	45.000000	0.0765315	0.0115306
sR	1229.094531	45.000000	0.0746984	0.011494
sR	1232.521777	45.000000	0.0729263	0.0114585
sR	1235.948828	45.000000	0.0718045	0.0114361
sR	1239.375586	45.000000	0.0698728	0.0113975
sR	1242.801953	45.000000	0.0687107	0.0113742
sR	1246.228223	45.000000	0.0668	0.011336
sR	1249.654102	45.000000	0.0655243	0.0113105
sR	1253.079785	45.000000	0.0638155	0.0112763
sR	1256.505176	45.000000	0.0628767	0.0112575
sR	1259.930273	45.000000	0.0609989	0.01122
sR	1263.355273	45.000000	0.0602159	0.0112043
sR	1266.779883	45.000000	0.0585226	0.0111705
sR	1270.204297	45.000000	0.0575719	0.0111514
sR	1273.628516	45.000000	0.0559547	0.0111191
sR	1277.052441	45.000000	0.0549083	0.0110982
sR	1280.476172	45.000000	0.0534759	0.0110695
sR	1283.899609	45.000000	0.0528592	0.0110572
sR	1287.322949	45.000000	0.0511418	0.0110228
sR	1290.745996	45.000000	0.0505191	0.0110104
sR	1294.168848	45.000000	0.0493758	0.0109875
sR	1297.591504	45.000000	0.0484213	0.0109684
sR	1301.013965	45.000000	0.0474728	0.0109495
sR	1304.436230	45.000000	0.0467954	0.0109359
sR	1307.858301	45.000000	0.0455051	0.0109101
sR	1311.280078	45.000000	0.0450049	0.0109001
sR	1314.701758	45.000000	0.0438279	0.0108766
sR	1318.123340	45.000000	0.0431328	0.0108627
sR	1321.544629	45.000000	0.0423828	0.0108477
sR	1324.965723	45.000000	0.041615	0.0108323
sR	1328.386719	45.000000	0.0406929	0.0108139
sR	1331.807520	45.000000	0.0405059	0.0108101
sR	1335.228223	45.000000	0.0397732	0.0107955
sR	1338.648730	45.000000	0.0389524	0.010779
sR	1342.069043	45.000000	0.0384499	0.010769
sR	1345.489258	45.000000	0.0379404	0.0107588
sR	1348.909277	45.000000	0.0373792	0.0107476
sR	1352.329199	45.000000	0.0369316	0.0107386
sR	1355.749023	45.000000	0.036222	0.0107244
sR	1359.168652	45.000000	0.0360607	0.0107212
sR	1362.588184	45.000000	0.0357541	0.0107151
sR	1366.007617	45.000000	0.0349954	0.0106999
sR	1369.426855	45.000000	0.0346279	0.0106926
sR	1372.845996	45.000000	0.0346827	0.0106937
sR	1376.265039	45.000000	0.0342504	0.010685
sR	1379.684082	45.000000	0.0341112	0.0106822
sR	1383.102930	45.000000	0.0335026	0.0106701
sR	1386.521680	45.000000	0.0337354	0.0106747
sR	1389.940332	45.000000	0.0333126	0.0106663
sR	1393.358887	45.000000	0.0329826	0.0106597
sR	1396.777344	45.000000	0.0330502	0.010661
sR	1400.195801	45.000000	0.0331522	0.010663
sR	1403.614063	45.000000	0.0327305	0.0106546
sR	1407.032324	45.000000	0.0328823	0.0106576
sR	1410.450586	45.000000	0.0328165	0.0106563
sR	1413.868652	45.000000	0.032532	0.0106506
sR	1417.286719	45.000000	0.0324713	0.0106494
sR	1420.704785	45.000000	0.0328722	0.0106574
sR	1424.122754	45.000000	0.0325306	0.0106506
sR	1427.540625	45.000000	0.033021	0.0106604
sR	1430.958496	45.000000	0.0331935	0.0106639
sR	1434.376367	45.000000	0.033283	0.0106657
sR	1437.794141	45.000000	0.0334306	0.0106686
sR	1441.211914	45.000000	0.0337879	0.0106758
sR	1444.629688	45.000000	0.0338683	0.0106774
sR	1448.047363	45.000000	0.0340483	0.010681
sR	1451.465039	45.000000	0.0339745	0.0106795
sR	1454.882813	45.000000	0.0343688	0.0106874
sR	1458.300488	45.000000	0.0345745	0.0106915
sR	1461.718164	45.000000	0.0349731	0.0106995
sR	1465.135840	45.000000	0.0350401	0.0107008
sR	1468.553516	45.000000	0.0354006	0.010708
sR	1471.971191	45.000000	0.0355373	0.0107107
sR	1475.388867	45.000000	0.0359931	0.0107199
sR	1478.806543	45.000000	0.0361909	0.0107238
sR	1482.224316	45.000000	0.0369837	0.0107397
sR	1485.642090	45.000000	0.037228	0.0107446
sR	1489.059863	45.000000	0.0380198	0.0107604
sR	1492.477734	45.000000	0.0381306	0.0107626
sR	1495.895508	45.000000	0.0388097	0.0107762
sR	1499.313477	45.000000	0.0388713	0.0107774
sR	1502.731445	45.000000	0.0394771	0.0107895
sR	1506.149414	45.000000	0.040209	0.0108042
sR	1509.567480	45.000000	0.0408212	0.0108164
sR	1512.985547	45.000000	0.0411208	0.0108224
sR	1516.403711	45.000000	0.0417466	0.0108349
sR	1519.821973	45.000000	0.0421754	0.0108435
sR	1523.240234	45.000000	0.0424122	0.0108482
sR	1526.658691	45.000000	0.0428344	0.0108567
sR	1530.077148	45.000000	0.0439663	0.0108793
sR	1533.495703	45.000000	0.044379	0.0108876
sR	1536.914258	45.000000	0.0448713	0.0108974
sR	1540.333008	45.000000	0.0456087	0.0109122
sR	1543.751855	45.000000	0.0471701	0.0109434
sR	1547.170801	45.000000	0.047288	0.0109458
sR	1550.589844	45.000000	0.047682	0.0109536
sR	1554.008887	45.000000	0.0482672	0.0109653
sR	1557.428223	45.000000	0.0492272	0.0109845
sR	1560.847559	45.000000	0.0496533	0.0109931
sR	1564.266992	45.000000	0.0501854	0.0110037
sR	1567.686621	45.000000	0.0508773	0.0110175
sR	1571.106348	45.000000	0.0515464	0.0110309
sR	1574.526270	45.000000	0.0523386	0.0110468
sR	1577.946289	45.000000	0.0533952	0.0110679
sR	1581.366406	45.000000	0.0536539	0.0110731
sR	1584.786719	45.000000	0.0549615	0.0110992
sR	1588.207227	45.000000	0.0553972	0.0111079
sR	1591.627832	45.000000	0.0556844	0.0111137
sR	1595.048535	45.000000	0.0571335	0.0111427
sR	1598.469531	45.000000	0.0582834	0.0111657
sR	1601.890625	45.000000	0.0591035	0.0111821
sR	1605.311816	45.000000	0.060038	0.0112008
sR	1608.733301	45.000000	0.060423	0.0112085
sR	1612.154883	45.000000	0.0614032	0.0112281
sR	1615.576758	45.000000	0.0620211	0.0112404
sR	1618.998730	45.000000	0.0622153	0.0112443
sR	1622.420898	45.000000	0.0640545	0.0112811
sR	1625.843262	45.000000	0.0651031	0.0113021
sR	1629.265918	45.000000	0.0655586	0.0113112
sR	1632.688672	45.000000	0.0664018	0.011328
sR	1636.111719	45.000000	0.0668526	0.0113371
sR	1639.534961	45.000000	0.067617	0.0113523
sR	1642.958398	45.000000	0.0685808	0.0113716
sR	1646.382031	45.000000	0.0695579	0.0113912
sR	1649.805859	45.000000	0.0704102	0.0114082
sR	1653.230078	45.000000	0.0709212	0.0114184
sR	1656.654297	45.000000	0.0716772	0.0114335
sR	1660.078906	45.000000	0.072802	0.011456
sR	1663.503711	45.000000	0.074033	0.0114807
sR	1666.928906	45.000000	0.0757632	0.0115153
sR	1670.354102	45.000000	0.0753835	0.0115077
sR	1673.779688	45.000000	0.0773536	0.0115471
sR	1677.205664	45.000000	0.0779334	0.0115587
sR	1680.631641	45.000000	0.0780354	0.0115607
sR	1684.058008	45.000000	0.0788206	0.0115764
sR	1687.484766	45.000000	0.0815729	0.0116315
sR	1690.911719	45.000000	0.0807838	0.0116157
sR	1694.338867	45.000000	0.0806291	0.0116126
sR	1697.766406	45.000000	0.0850037	0.0117001