OTS on Ta2O5 1 mm 02/26/07 rs 90 deg
RTmethod[PolRT=89.92, RevsRT=100, WVASE=3.616, HardVer=17.034, Mon Feb 26 11:17:00 2007]
Original[ots_ta2o5_1mm_02262007_rs_90deg.dat]
nm
sR	245.732520	45.000000	0.429105	0.0185821
sR	247.331348	45.000000	0.426897	0.0185379
sR	248.930176	45.000000	0.425989	0.0185198
sR	250.529053	45.000000	0.423129	0.0184626
sR	252.127954	45.000000	0.421237	0.0184247
sR	253.726855	45.000000	0.420718	0.0184144
sR	255.325781	45.000000	0.416684	0.0183337
sR	256.924731	45.000000	0.413662	0.0182732
sR	258.523706	45.000000	0.411439	0.0182288
sR	260.122681	45.000000	0.407221	0.0181444
sR	261.721680	45.000000	0.404905	0.0180981
sR	263.320703	45.000000	0.402539	0.0180508
sR	264.919751	45.000000	0.402071	0.0180414
sR	266.518799	45.000000	0.405522	0.0181104
sR	268.117871	45.000000	0.411467	0.0182293
sR	269.716968	45.000000	0.418301	0.018366
sR	271.316089	45.000000	0.428531	0.0185706
sR	272.915210	45.000000	0.435429	0.0187086
sR	274.514331	45.000000	0.439207	0.0187841
sR	276.113501	45.000000	0.432645	0.0186529
sR	277.712646	45.000000	0.413739	0.0182748
sR	279.311841	45.000000	0.378747	0.0175749
sR	280.911035	45.000000	0.333034	0.0166607
sR	282.510254	45.000000	0.277251	0.015545
sR	284.109473	45.000000	0.224041	0.0144808
sR	285.708716	45.000000	0.192921	0.0138584
sR	287.307959	45.000000	0.200807	0.0140161
sR	288.907202	45.000000	0.248463	0.0149693
sR	290.506494	45.000000	0.323757	0.0164751
sR	292.105762	45.000000	0.40746	0.0181492
sR	293.705078	45.000000	0.482686	0.0196537
sR	295.304370	45.000000	0.545116	0.0209023
sR	296.903687	45.000000	0.587806	0.0217561
sR	298.503027	45.000000	0.619384	0.0223877
sR	300.102368	45.000000	0.640588	0.0228118
sR	301.701709	45.000000	0.648757	0.0229751
sR	303.301074	45.000000	0.652956	0.0230591
sR	304.900439	45.000000	0.645743	0.0229149
sR	306.499805	45.000000	0.633692	0.0226738
sR	308.099194	45.000000	0.614993	0.0222999
sR	309.698584	45.000000	0.588833	0.0217767
sR	311.297998	45.000000	0.55502	0.0211004
sR	312.897388	45.000000	0.509745	0.0201949
sR	314.496802	45.000000	0.458899	0.019178
sR	316.096216	45.000000	0.40018	0.0180036
sR	317.695654	45.000000	0.333818	0.0166764
sR	319.295093	45.000000	0.262084	0.0152417
sR	320.894531	45.000000	0.188159	0.0137632
sR	322.493970	45.000000	0.122128	0.0124426
sR	324.093408	45.000000	0.0717141	0.0114343
sR	325.692871	45.000000	0.0448217	0.0108964
sR	327.292334	45.000000	0.0352315	0.0107046
sR	328.891797	45.000000	0.0542219	0.0110844
sR	330.491260	45.000000	0.0880758	0.0117615
sR	332.090723	45.000000	0.140108	0.0128022
sR	333.690186	45.000000	0.200276	0.0140055
sR	335.289673	45.000000	0.261455	0.0152291
sR	336.889136	45.000000	0.319842	0.0163968
sR	338.488623	45.000000	0.374666	0.0174933
sR	340.088110	45.000000	0.421925	0.0184385
sR	341.687573	45.000000	0.464744	0.0192949
sR	343.287061	45.000000	0.502341	0.0200468
sR	344.886548	45.000000	0.530836	0.0206167
sR	346.486035	45.000000	0.560947	0.0212189
sR	348.085522	45.000000	0.585582	0.0217116
sR	349.684985	45.000000	0.60411	0.0220822
sR	351.284473	45.000000	0.619464	0.0223893
sR	352.883960	45.000000	0.633482	0.0226696
sR	354.483423	45.000000	0.643677	0.0228735
sR	356.082910	45.000000	0.652091	0.0230418
sR	357.682373	45.000000	0.659208	0.0231842
sR	359.281860	45.000000	0.663683	0.0232737
sR	360.881323	45.000000	0.669112	0.0233822
sR	362.480786	45.000000	0.67221	0.0234442
sR	364.080249	45.000000	0.672649	0.023453
sR	365.679712	45.000000	0.671365	0.0234273
sR	367.279175	45.000000	0.671657	0.0234331
sR	368.878613	45.000000	0.666959	0.0233392
sR	370.478052	45.000000	0.661194	0.0232239
sR	372.077490	45.000000	0.657296	0.0231459
sR	373.676929	45.000000	0.651391	0.0230278
sR	375.276367	45.000000	0.644146	0.0228829
sR	376.875781	45.000000	0.635465	0.0227093
sR	378.475195	45.000000	0.628234	0.0225647
sR	380.074609	45.000000	0.616184	0.0223237
sR	381.673999	45.000000	0.607013	0.0221403
sR	383.273389	45.000000	0.592757	0.0218551
sR	384.872778	45.000000	0.579292	0.0215858
sR	386.472168	45.000000	0.560539	0.0212108
sR	388.071533	45.000000	0.543034	0.0208607
sR	389.670898	45.000000	0.52573	0.0205146
sR	391.270239	45.000000	0.503616	0.0200723
sR	392.869580	45.000000	0.482651	0.019653
sR	394.468921	45.000000	0.457875	0.0191575
sR	396.068237	45.000000	0.433404	0.0186681
sR	397.667554	45.000000	0.405717	0.0181143
sR	399.266846	45.000000	0.377888	0.0175578
sR	400.866138	45.000000	0.348312	0.0169662
sR	402.465405	45.000000	0.317333	0.0163467
sR	404.064673	45.000000	0.283676	0.0156735
sR	405.663916	45.000000	0.251445	0.0150289
sR	407.263159	45.000000	0.218906	0.0143781
sR	408.862378	45.000000	0.186208	0.0137242
sR	410.461572	45.000000	0.15435	0.013087
sR	412.060791	45.000000	0.124112	0.0124822
sR	413.659961	45.000000	0.0982729	0.0119655
sR	415.259131	45.000000	0.0754487	0.011509
sR	416.858301	45.000000	0.0552097	0.0111042
sR	418.457422	45.000000	0.039309	0.0107862
sR	420.056592	45.000000	0.0256738	0.0105135
sR	421.655664	45.000000	0.0175917	0.0103518
sR	423.254785	45.000000	0.0171157	0.0103423
sR	424.853857	45.000000	0.0218574	0.0104371
sR	426.452930	45.000000	0.0326394	0.0106528
sR	428.051953	45.000000	0.0462482	0.010925
sR	429.650977	45.000000	0.0624168	0.0112483
sR	431.250000	45.000000	0.0828772	0.0116575
sR	432.848975	45.000000	0.106499	0.01213
sR	434.447949	45.000000	0.132441	0.0126488
sR	436.046924	45.000000	0.158364	0.0131673
sR	437.645850	45.000000	0.186289	0.0137258
sR	439.244727	45.000000	0.215216	0.0143043
sR	440.843652	45.000000	0.243832	0.0148766
sR	442.442529	45.000000	0.271346	0.0154269
sR	444.041357	45.000000	0.298411	0.0159682
sR	445.640186	45.000000	0.324351	0.016487
sR	447.239014	45.000000	0.349177	0.0169835
sR	448.837793	45.000000	0.373292	0.0174658
sR	450.436572	45.000000	0.396358	0.0179272
sR	452.035303	45.000000	0.418748	0.018375
sR	453.634033	45.000000	0.438124	0.0187625
sR	455.232715	45.000000	0.458396	0.0191679
sR	456.831396	45.000000	0.476897	0.0195379
sR	458.430078	45.000000	0.494585	0.0198917
sR	460.028711	45.000000	0.509506	0.0201901
sR	461.627295	45.000000	0.525268	0.0205054
sR	463.225879	45.000000	0.53986	0.0207972
sR	464.824463	45.000000	0.55271	0.0210542
sR	466.422949	45.000000	0.566229	0.0213246
sR	468.021484	45.000000	0.575986	0.0215197
sR	469.619971	45.000000	0.58714	0.0217428
sR	471.218408	45.000000	0.597367	0.0219473
sR	472.816846	45.000000	0.606566	0.0221313
sR	474.415234	45.000000	0.616885	0.0223377
sR	476.013623	45.000000	0.62399	0.0224798
sR	477.611963	45.000000	0.631834	0.0226367
sR	479.210254	45.000000	0.639233	0.0227847
sR	480.808545	45.000000	0.646293	0.0229259
sR	482.406836	45.000000	0.652983	0.0230597
sR	484.005029	45.000000	0.658521	0.0231704
sR	485.603271	45.000000	0.6639	0.023278
sR	487.201416	45.000000	0.669421	0.0233884
sR	488.799561	45.000000	0.672443	0.0234489
sR	490.397656	45.000000	0.678036	0.0235607
sR	491.995752	45.000000	0.681955	0.0236391
sR	493.593799	45.000000	0.684984	0.0236997
sR	495.191846	45.000000	0.688498	0.02377
sR	496.789795	45.000000	0.691654	0.0238331
sR	498.387744	45.000000	0.694652	0.023893
sR	499.985693	45.000000	0.697143	0.0239429
sR	501.583594	45.000000	0.699215	0.0239843
sR	503.181445	45.000000	0.700962	0.0240192
sR	504.779248	45.000000	0.703199	0.024064
sR	506.377051	45.000000	0.70437	0.0240874
sR	507.974805	45.000000	0.706614	0.0241323
sR	509.572510	45.000000	0.70685	0.024137
sR	511.170215	45.000000	0.70768	0.0241536
sR	512.767871	45.000000	0.707768	0.0241554
sR	514.365479	45.000000	0.708226	0.0241645
sR	515.963037	45.000000	0.70925	0.024185
sR	517.560596	45.000000	0.708844	0.0241769
sR	519.158105	45.000000	0.709116	0.0241823
sR	520.755566	45.000000	0.70864	0.0241728
sR	522.353027	45.000000	0.709642	0.0241928
sR	523.950391	45.000000	0.708405	0.0241681
sR	525.547754	45.000000	0.706325	0.0241265
sR	527.145068	45.000000	0.704983	0.0240997
sR	528.742383	45.000000	0.705261	0.0241052
sR	530.339600	45.000000	0.703608	0.0240722
sR	531.936816	45.000000	0.702772	0.0240554
sR	533.533984	45.000000	0.701058	0.0240212
sR	535.131104	45.000000	0.698801	0.023976
sR	536.728174	45.000000	0.69643	0.0239286
sR	538.325244	45.000000	0.693749	0.023875
sR	539.922266	45.000000	0.692788	0.0238558
sR	541.519189	45.000000	0.690959	0.0238192
sR	543.116113	45.000000	0.68793	0.0237586
sR	544.712988	45.000000	0.685965	0.0237193
sR	546.309863	45.000000	0.683128	0.0236626
sR	547.906641	45.000000	0.679572	0.0235914
sR	549.503369	45.000000	0.675134	0.0235027
sR	551.100098	45.000000	0.672593	0.0234519
sR	552.696777	45.000000	0.668646	0.0233729
sR	554.293359	45.000000	0.664265	0.0232853
sR	555.889941	45.000000	0.660312	0.0232062
sR	557.486475	45.000000	0.655361	0.0231072
sR	559.082959	45.000000	0.651649	0.023033
sR	560.679395	45.000000	0.647742	0.0229548
sR	562.275830	45.000000	0.642232	0.0228446
sR	563.872168	45.000000	0.636928	0.0227386
sR	565.468457	45.000000	0.631527	0.0226305
sR	567.064697	45.000000	0.626189	0.0225238
sR	568.660938	45.000000	0.619874	0.0223975
sR	570.257080	45.000000	0.614733	0.0222947
sR	571.853223	45.000000	0.609814	0.0221963
sR	573.449268	45.000000	0.604279	0.0220856
sR	575.045313	45.000000	0.596547	0.0219309
sR	576.641260	45.000000	0.58998	0.0217996
sR	578.237207	45.000000	0.583964	0.0216793
sR	579.833057	45.000000	0.575221	0.0215044
sR	581.428857	45.000000	0.568725	0.0213745
sR	583.024658	45.000000	0.56255	0.021251
sR	584.620361	45.000000	0.55358	0.0210716
sR	586.216064	45.000000	0.544397	0.0208879
sR	587.811670	45.000000	0.535806	0.0207161
sR	589.407227	45.000000	0.527161	0.0205432
sR	591.002734	45.000000	0.518944	0.0203789
sR	592.598193	45.000000	0.509482	0.0201896
sR	594.193604	45.000000	0.499873	0.0199975
sR	595.788965	45.000000	0.489968	0.0197994
sR	597.384277	45.000000	0.480158	0.0196032
sR	598.979541	45.000000	0.47032	0.0194064
sR	600.574756	45.000000	0.460451	0.019209
sR	602.169873	45.000000	0.44965	0.018993
sR	603.764990	45.000000	0.437868	0.0187574
sR	605.360010	45.000000	0.42713	0.0185426
sR	606.954980	45.000000	0.415155	0.0183031
sR	608.549902	45.000000	0.404091	0.0180818
sR	610.144775	45.000000	0.391723	0.0178345
sR	611.739600	45.000000	0.379699	0.017594
sR	613.334375	45.000000	0.367691	0.0173538
sR	614.929053	45.000000	0.355369	0.0171074
sR	616.523730	45.000000	0.343179	0.0168636
sR	618.118311	45.000000	0.330085	0.0166017
sR	619.712842	45.000000	0.317789	0.0163558
sR	621.307275	45.000000	0.304466	0.0160893
sR	622.901709	45.000000	0.290701	0.015814
sR	624.496045	45.000000	0.278163	0.0155633
sR	626.090381	45.000000	0.264898	0.015298
sR	627.684570	45.000000	0.251579	0.0150316
sR	629.278760	45.000000	0.239005	0.0147801
sR	630.872900	45.000000	0.225768	0.0145154
sR	632.466943	45.000000	0.21277	0.0142554
sR	634.060938	45.000000	0.200143	0.0140029
sR	635.654883	45.000000	0.187235	0.0137447
sR	637.248730	45.000000	0.174906	0.0134981
sR	638.842529	45.000000	0.162303	0.0132461
sR	640.436279	45.000000	0.150461	0.0130092
sR	642.029980	45.000000	0.138536	0.0127707
sR	643.623584	45.000000	0.127271	0.0125454
sR	645.217139	45.000000	0.116234	0.0123247
sR	646.810645	45.000000	0.105942	0.0121188
sR	648.404053	45.000000	0.0958827	0.0119177
sR	649.997412	45.000000	0.0858529	0.0117171
sR	651.590723	45.000000	0.0767375	0.0115347
sR	653.183984	45.000000	0.0682841	0.0113657
sR	654.777148	45.000000	0.0593377	0.0111868
sR	656.370264	45.000000	0.0509896	0.0110198
sR	657.963281	45.000000	0.046188	0.0109238
sR	659.556250	45.000000	0.0410081	0.0108202
sR	661.149170	45.000000	0.035361	0.0107072
sR	662.741992	45.000000	0.0305499	0.010611
sR	664.334766	45.000000	0.0266748	0.0105335
sR	665.927490	45.000000	0.0234358	0.0104687
sR	667.520117	45.000000	0.0208639	0.0104173
sR	669.112695	45.000000	0.0190627	0.0103813
sR	670.705176	45.000000	0.017975	0.0103595
sR	672.297607	45.000000	0.0178042	0.0103561
sR	673.889990	45.000000	0.0182914	0.0103658
sR	675.482275	45.000000	0.0193787	0.0103876
sR	677.074512	45.000000	0.0211428	0.0104229
sR	678.666650	45.000000	0.0238157	0.0104763
sR	680.258740	45.000000	0.0268495	0.010537
sR	681.850732	45.000000	0.0307369	0.0106147
sR	683.442676	45.000000	0.0351124	0.0107022
sR	685.034521	45.000000	0.0399658	0.0107993
sR	686.626318	45.000000	0.0455423	0.0109108
sR	688.218066	45.000000	0.0515929	0.0110319
sR	689.809717	45.000000	0.0580894	0.0111618
sR	691.401270	45.000000	0.0650625	0.0113013
sR	692.992773	45.000000	0.0725082	0.0114502
sR	694.584229	45.000000	0.0802847	0.0116057
sR	696.175586	45.000000	0.088422	0.0117684
sR	697.766846	45.000000	0.0967915	0.0119358
sR	699.358057	45.000000	0.105441	0.0121088
sR	700.949170	45.000000	0.114477	0.0122896
sR	702.540234	45.000000	0.123677	0.0124735
sR	704.131201	45.000000	0.133389	0.0126678
sR	705.722119	45.000000	0.143352	0.012867
sR	707.312939	45.000000	0.153155	0.0130631
sR	708.903711	45.000000	0.162793	0.0132559
sR	710.494385	45.000000	0.172866	0.0134573
sR	712.084961	45.000000	0.182878	0.0136576
sR	713.675488	45.000000	0.19306	0.0138612
sR	715.265918	45.000000	0.202809	0.0140562
sR	716.856299	45.000000	0.212608	0.0142522
sR	718.446582	45.000000	0.223004	0.0144601
sR	720.036768	45.000000	0.234099	0.014682
sR	721.626904	45.000000	0.244043	0.0148809
sR	723.216943	45.000000	0.253615	0.0150723
sR	724.806885	45.000000	0.263518	0.0152704
sR	726.396777	45.000000	0.273435	0.0154687
sR	727.986572	45.000000	0.283205	0.0156641
sR	729.576318	45.000000	0.293284	0.0158657
sR	731.165967	45.000000	0.303607	0.0160721
sR	732.755518	45.000000	0.312783	0.0162557
sR	734.344971	45.000000	0.321902	0.016438
sR	735.934375	45.000000	0.332737	0.0166547
sR	737.523682	45.000000	0.339804	0.0167961
sR	739.112891	45.000000	0.348348	0.016967
sR	740.702051	45.000000	0.357667	0.0171533
sR	742.291113	45.000000	0.366057	0.0173211
sR	743.880078	45.000000	0.373809	0.0174762
sR	745.468994	45.000000	0.382902	0.017658
sR	747.057764	45.000000	0.39188	0.0178376
sR	748.646484	45.000000	0.398526	0.0179705
sR	750.235156	45.000000	0.405833	0.0181167
sR	751.823682	45.000000	0.413693	0.0182739
sR	753.412158	45.000000	0.421794	0.0184359
sR	755.000537	45.000000	0.430303	0.0186061
sR	756.588818	45.000000	0.436792	0.0187358
sR	758.177002	45.000000	0.444141	0.0188828
sR	759.765137	45.000000	0.450429	0.0190086
sR	761.353125	45.000000	0.457142	0.0191428
sR	762.941064	45.000000	0.463357	0.0192671
sR	764.528906	45.000000	0.471005	0.0194201
sR	766.116699	45.000000	0.479068	0.0195814
sR	767.704346	45.000000	0.486674	0.0197335
sR	769.291943	45.000000	0.49213	0.0198426
sR	770.879443	45.000000	0.497089	0.0199418
sR	772.466846	45.000000	0.503652	0.020073
sR	774.054150	45.000000	0.509341	0.0201868
sR	775.641357	45.000000	0.514303	0.0202861
sR	777.228467	45.000000	0.520969	0.0204194
sR	778.815527	45.000000	0.525595	0.0205119
sR	780.402441	45.000000	0.530152	0.020603
sR	781.989307	45.000000	0.533932	0.0206786
sR	783.576074	45.000000	0.539296	0.0207859
sR	785.162744	45.000000	0.545741	0.0209148
sR	786.749316	45.000000	0.552254	0.0210451
sR	788.335791	45.000000	0.556588	0.0211318
sR	789.922168	45.000000	0.561959	0.0212392
sR	791.508447	45.000000	0.566087	0.0213217
sR	793.094629	45.000000	0.570233	0.0214047
sR	794.680762	45.000000	0.574235	0.0214847
sR	796.266748	45.000000	0.578892	0.0215778
sR	797.852637	45.000000	0.583428	0.0216686
sR	799.438477	45.000000	0.586259	0.0217252
sR	801.024170	45.000000	0.590314	0.0218063
sR	802.609814	45.000000	0.595308	0.0219062
sR	804.195313	45.000000	0.598583	0.0219717
sR	805.780762	45.000000	0.601243	0.0220249
sR	807.366064	45.000000	0.605439	0.0221088
sR	808.951318	45.000000	0.60989	0.0221978
sR	810.536426	45.000000	0.61636	0.0223272
sR	812.121484	45.000000	0.619439	0.0223888
sR	813.706396	45.000000	0.620033	0.0224007
sR	815.291211	45.000000	0.621803	0.0224361
sR	816.875977	45.000000	0.626854	0.0225371
sR	818.460596	45.000000	0.629653	0.0225931
sR	820.045117	45.000000	0.631338	0.0226268
sR	821.629590	45.000000	0.637295	0.0227459
sR	823.213867	45.000000	0.640041	0.0228008
sR	824.798145	45.000000	0.641197	0.0228239
sR	826.382227	45.000000	0.644724	0.0228945
sR	827.966211	45.000000	0.649334	0.0229867
sR	829.550195	45.000000	0.651749	0.023035
sR	831.133984	45.000000	0.653126	0.0230625
sR	832.717676	45.000000	0.655256	0.0231051
sR	834.301270	45.000000	0.656865	0.0231373
sR	835.884863	45.000000	0.658909	0.0231782
sR	837.468262	45.000000	0.663691	0.0232738
sR	839.051563	45.000000	0.666201	0.023324
sR	840.634668	45.000000	0.666337	0.0233267
sR	842.217773	45.000000	0.67103	0.0234206
sR	843.800781	45.000000	0.672062	0.0234412
sR	845.383691	45.000000	0.673561	0.0234712
sR	846.966406	45.000000	0.679532	0.0235906
sR	848.549121	45.000000	0.68015	0.023603
sR	850.131641	45.000000	0.681247	0.0236249
sR	851.714063	45.000000	0.681877	0.0236375
sR	853.296484	45.000000	0.685687	0.0237137
sR	854.878711	45.000000	0.688069	0.0237614
sR	856.460840	45.000000	0.687539	0.0237508
sR	858.042773	45.000000	0.691458	0.0238292
sR	859.624707	45.000000	0.688876	0.0237775
sR	861.206543	45.000000	0.690891	0.0238178
sR	862.788184	45.000000	0.693933	0.0238787
sR	864.369824	45.000000	0.69405	0.023881
sR	865.951270	45.000000	0.69859	0.0239718
sR	867.532617	45.000000	0.703285	0.0240657
sR	869.113867	45.000000	0.704145	0.0240829
sR	870.695020	45.000000	0.709827	0.0241965
sR	872.275977	45.000000	0.710076	0.0242015
sR	873.856934	45.000000	0.709212	0.0241842
sR	875.437695	45.000000	0.70985	0.024197
sR	877.018359	45.000000	0.712795	0.0242559
sR	878.599023	45.000000	0.711784	0.0242357
sR	880.179395	45.000000	0.71418	0.0242836
sR	881.759766	45.000000	0.717501	0.02435
sR	883.340039	45.000000	0.717926	0.0243585
sR	884.920117	45.000000	0.717752	0.024355
sR	886.500098	45.000000	0.720461	0.0244092
sR	888.079980	45.000000	0.721546	0.0244309
sR	889.659766	45.000000	0.725908	0.0245182
sR	891.239453	45.000000	0.726296	0.0245259
sR	892.818945	45.000000	0.722793	0.0244559
sR	894.398438	45.000000	0.722114	0.0244423
sR	895.977734	45.000000	0.726405	0.0245281
sR	897.556934	45.000000	0.731309	0.0246262
sR	899.135938	45.000000	0.731595	0.0246319
sR	900.714941	45.000000	0.731155	0.0246231
sR	902.293750	45.000000	0.732417	0.0246483
sR	903.872461	45.000000	0.732974	0.0246595
sR	905.451074	45.000000	0.734319	0.0246864
sR	907.029590	45.000000	0.73378	0.0246756
sR	908.607910	45.000000	0.734991	0.0246998
sR	910.186133	45.000000	0.739608	0.0247922
sR	911.764258	45.000000	0.738577	0.0247715
sR	913.342285	45.000000	0.737526	0.0247505
sR	914.920117	45.000000	0.736817	0.0247363
sR	916.497852	45.000000	0.734829	0.0246966
sR	918.075488	45.000000	0.737716	0.0247543
sR	919.653027	45.000000	0.73588	0.0247176
sR	921.230469	45.000000	0.736944	0.0247389
sR	922.807715	45.000000	0.740583	0.0248117
sR	924.384863	45.000000	0.741344	0.0248269
sR	925.961914	45.000000	0.744191	0.0248838
sR	927.538770	45.000000	0.746726	0.0249345
sR	929.115527	45.000000	0.747546	0.0249509
sR	930.692188	45.000000	0.748174	0.0249635
sR	932.268750	45.000000	0.744307	0.0248861
sR	933.845117	45.000000	0.745688	0.0249138
sR	935.421387	45.000000	0.745776	0.0249155
sR	936.997559	45.000000	0.744696	0.0248939
sR	938.573535	45.000000	0.749876	0.0249975
sR	940.149414	45.000000	0.748783	0.0249757
sR	941.725195	45.000000	0.749394	0.0249879
sR	943.300879	45.000000	0.749962	0.0249992
sR	944.876367	45.000000	0.750612	0.0250122
sR	946.451758	45.000000	0.753082	0.0250616
sR	948.027051	45.000000	0.747319	0.0249464
sR	949.602148	45.000000	0.753936	0.0250787
sR	951.177148	45.000000	0.754442	0.0250888
sR	952.752051	45.000000	0.755902	0.025118
sR	954.326758	45.000000	0.755055	0.0251011
sR	955.901367	45.000000	0.755095	0.0251019
sR	957.475879	45.000000	0.752381	0.0250476
sR	959.050195	45.000000	0.750361	0.0250072
sR	960.624512	45.000000	0.750958	0.0250192
sR	962.198535	45.000000	0.755186	0.0251037
sR	963.772559	45.000000	0.753889	0.0250778
sR	965.346387	45.000000	0.754188	0.0250838
sR	966.920020	45.000000	0.755673	0.0251135
sR	968.493652	45.000000	0.756602	0.025132
sR	970.066992	45.000000	0.760217	0.0252043
sR	971.640332	45.000000	0.758623	0.0251725
sR	973.213477	45.000000	0.757419	0.0251484
sR	974.786523	45.000000	0.760205	0.0252041
sR	976.359473	45.000000	0.760666	0.0252133
sR	977.932227	45.000000	0.760975	0.0252195
sR	979.504785	45.000000	0.762057	0.0252411
sR	981.077344	45.000000	0.761835	0.0252367
sR	982.649707	45.000000	0.763158	0.0252632
sR	984.221875	45.000000	0.766419	0.0253284
sR	985.793945	45.000000	0.764363	0.0252873
sR	987.365918	45.000000	0.764528	0.0252906
sR	988.937793	45.000000	0.761303	0.0252261
sR	990.509375	45.000000	0.760492	0.0252098
sR	992.080957	45.000000	0.763078	0.0252616
sR	993.652344	45.000000	0.766608	0.0253322
sR	995.223633	45.000000	0.765836	0.0253167
sR	996.794727	45.000000	0.764325	0.0252865
sR	998.365723	45.000000	0.765941	0.0253188
sR	999.936523	45.000000	0.76262	0.0252524
sR	1012.422852	45.000000	0.745476	0.0249095
sR	1015.876367	45.000000	0.742314	0.0248463
sR	1019.329297	45.000000	0.744026	0.0248805
sR	1022.781836	45.000000	0.741736	0.0248347
sR	1026.233691	45.000000	0.741469	0.0248294
sR	1029.685059	45.000000	0.744129	0.0248826
sR	1033.135938	45.000000	0.740135	0.0248027
sR	1036.586230	45.000000	0.743346	0.0248669
sR	1040.036035	45.000000	0.743622	0.0248724
sR	1043.485352	45.000000	0.743816	0.0248763
sR	1046.934082	45.000000	0.740685	0.0248137
sR	1050.382324	45.000000	0.742845	0.0248569
sR	1053.830078	45.000000	0.741411	0.0248282
sR	1057.277344	45.000000	0.740665	0.0248133
sR	1060.724121	45.000000	0.741678	0.0248336
sR	1064.170410	45.000000	0.741107	0.0248221
sR	1067.616113	45.000000	0.739968	0.0247994
sR	1071.061426	45.000000	0.742412	0.0248482
sR	1074.506250	45.000000	0.739535	0.0247907
sR	1077.950586	45.000000	0.738706	0.0247741
sR	1081.394434	45.000000	0.740387	0.0248077
sR	1084.837891	45.000000	0.737779	0.0247556
sR	1088.280762	45.000000	0.73997	0.0247994
sR	1091.723242	45.000000	0.735255	0.0247051
sR	1095.165332	45.000000	0.736692	0.0247338
sR	1098.606836	45.000000	0.735607	0.0247121
sR	1102.047949	45.000000	0.738199	0.024764
sR	1105.488672	45.000000	0.739371	0.0247874
sR	1108.928906	45.000000	0.735397	0.0247079
sR	1112.368750	45.000000	0.732761	0.0246552
sR	1115.808105	45.000000	0.731294	0.0246259
sR	1119.247070	45.000000	0.732148	0.024643
sR	1122.685645	45.000000	0.733665	0.0246733
sR	1126.123730	45.000000	0.730716	0.0246143
sR	1129.561426	45.000000	0.728472	0.0245694
sR	1132.998730	45.000000	0.729092	0.0245818
sR	1136.435645	45.000000	0.7303	0.024606
sR	1139.872168	45.000000	0.72676	0.0245352
sR	1143.308203	45.000000	0.723434	0.0244687
sR	1146.743945	45.000000	0.722401	0.024448
sR	1150.179297	45.000000	0.724108	0.0244822
sR	1153.614258	45.000000	0.721548	0.024431
sR	1157.048828	45.000000	0.72332	0.0244664
sR	1160.483008	45.000000	0.722066	0.0244413
sR	1163.916797	45.000000	0.722311	0.0244462
sR	1167.350195	45.000000	0.719144	0.0243829
sR	1170.783301	45.000000	0.719662	0.0243932
sR	1174.216016	45.000000	0.71716	0.0243432
sR	1177.648438	45.000000	0.718943	0.0243789
sR	1181.080469	45.000000	0.713657	0.0242731
sR	1184.512109	45.000000	0.712652	0.024253
sR	1187.943457	45.000000	0.713392	0.0242678
sR	1191.374512	45.000000	0.710516	0.0242103
sR	1194.805176	45.000000	0.709801	0.024196
sR	1198.235547	45.000000	0.707792	0.0241558
sR	1201.665527	45.000000	0.703974	0.0240795
sR	1205.095215	45.000000	0.701333	0.0240267
sR	1208.524609	45.000000	0.704824	0.0240965
sR	1211.953711	45.000000	0.70132	0.0240264
sR	1215.382422	45.000000	0.700493	0.0240099
sR	1218.810938	45.000000	0.700895	0.0240179
sR	1222.239063	45.000000	0.701762	0.0240352
sR	1225.666895	45.000000	0.696186	0.0239237
sR	1229.094531	45.000000	0.694498	0.02389
sR	1232.521777	45.000000	0.693776	0.0238755
sR	1235.948828	45.000000	0.692293	0.0238459
sR	1239.375586	45.000000	0.690533	0.0238107
sR	1242.801953	45.000000	0.688734	0.0237747
sR	1246.228223	45.000000	0.686359	0.0237272
sR	1249.654102	45.000000	0.684895	0.0236979
sR	1253.079785	45.000000	0.684387	0.0236877
sR	1256.505176	45.000000	0.683688	0.0236738
sR	1259.930273	45.000000	0.680249	0.023605
sR	1263.355273	45.000000	0.682049	0.023641
sR	1266.779883	45.000000	0.677978	0.0235596
sR	1270.204297	45.000000	0.678248	0.023565
sR	1273.628516	45.000000	0.671714	0.0234343
sR	1277.052441	45.000000	0.67193	0.0234386
sR	1280.476172	45.000000	0.668796	0.0233759
sR	1283.899609	45.000000	0.669635	0.0233927
sR	1287.322949	45.000000	0.664373	0.0232875
sR	1290.745996	45.000000	0.663912	0.0232782
sR	1294.168848	45.000000	0.663709	0.0232742
sR	1297.591504	45.000000	0.660632	0.0232126
sR	1301.013965	45.000000	0.65913	0.0231826
sR	1304.436230	45.000000	0.657391	0.0231478
sR	1307.858301	45.000000	0.654827	0.0230965
sR	1311.280078	45.000000	0.653402	0.023068
sR	1314.701758	45.000000	0.651247	0.0230249
sR	1318.123340	45.000000	0.649102	0.022982
sR	1321.544629	45.000000	0.64514	0.0229028
sR	1324.965723	45.000000	0.640356	0.0228071
sR	1328.386719	45.000000	0.640641	0.0228128
sR	1331.807520	45.000000	0.641593	0.0228319
sR	1335.228223	45.000000	0.638802	0.022776
sR	1338.648730	45.000000	0.636113	0.0227223
sR	1342.069043	45.000000	0.631351	0.022627
sR	1345.489258	45.000000	0.63178	0.0226356
sR	1348.909277	45.000000	0.628415	0.0225683
sR	1352.329199	45.000000	0.625277	0.0225055
sR	1355.749023	45.000000	0.624166	0.0224833
sR	1359.168652	45.000000	0.622074	0.0224415
sR	1362.588184	45.000000	0.616453	0.0223291
sR	1366.007617	45.000000	0.613634	0.0222727
sR	1369.426855	45.000000	0.611468	0.0222294
sR	1372.845996	45.000000	0.608949	0.022179
sR	1376.265039	45.000000	0.609315	0.0221863
sR	1379.684082	45.000000	0.606557	0.0221311
sR	1383.102930	45.000000	0.60351	0.0220702
sR	1386.521680	45.000000	0.60338	0.0220676
sR	1389.940332	45.000000	0.599654	0.0219931
sR	1393.358887	45.000000	0.594405	0.0218881
sR	1396.777344	45.000000	0.593871	0.0218774
sR	1400.195801	45.000000	0.591093	0.0218219
sR	1403.614063	45.000000	0.586246	0.0217249
sR	1407.032324	45.000000	0.587551	0.021751
sR	1410.450586	45.000000	0.581653	0.0216331
sR	1413.868652	45.000000	0.577938	0.0215588
sR	1417.286719	45.000000	0.57493	0.0214986
sR	1420.704785	45.000000	0.57309	0.0214618
sR	1424.122754	45.000000	0.571347	0.0214269
sR	1427.540625	45.000000	0.569207	0.0213841
sR	1430.958496	45.000000	0.56741	0.0213482
sR	1434.376367	45.000000	0.56453	0.0212906
sR	1437.794141	45.000000	0.559593	0.0211919
sR	1441.211914	45.000000	0.560226	0.0212045
sR	1444.629688	45.000000	0.558849	0.021177
sR	1448.047363	45.000000	0.556818	0.0211364
sR	1451.465039	45.000000	0.551593	0.0210319
sR	1454.882813	45.000000	0.546687	0.0209337
sR	1458.300488	45.000000	0.542853	0.0208571
sR	1461.718164	45.000000	0.542406	0.0208481
sR	1465.135840	45.000000	0.536088	0.0207218
sR	1468.553516	45.000000	0.534342	0.0206868
sR	1471.971191	45.000000	0.528569	0.0205714
sR	1475.388867	45.000000	0.524535	0.0204907
sR	1478.806543	45.000000	0.520892	0.0204178
sR	1482.224316	45.000000	0.523137	0.0204627
sR	1485.642090	45.000000	0.515856	0.0203171
sR	1489.059863	45.000000	0.516284	0.0203257
sR	1492.477734	45.000000	0.513588	0.0202718
sR	1495.895508	45.000000	0.511688	0.0202338
sR	1499.313477	45.000000	0.506708	0.0201342
sR	1502.731445	45.000000	0.503212	0.0200642
sR	1506.149414	45.000000	0.504556	0.0200911
sR	1509.567480	45.000000	0.500956	0.0200191
sR	1512.985547	45.000000	0.493113	0.0198623
sR	1516.403711	45.000000	0.489462	0.0197892
sR	1519.821973	45.000000	0.485014	0.0197003
sR	1523.240234	45.000000	0.478719	0.0195744
sR	1526.658691	45.000000	0.475962	0.0195192
sR	1530.077148	45.000000	0.476748	0.019535
sR	1533.495703	45.000000	0.473925	0.0194785
sR	1536.914258	45.000000	0.467751	0.019355
sR	1540.333008	45.000000	0.466299	0.019326
sR	1543.751855	45.000000	0.466138	0.0193228
sR	1547.170801	45.000000	0.462114	0.0192423
sR	1550.589844	45.000000	0.456291	0.0191258
sR	1554.008887	45.000000	0.452298	0.019046
sR	1557.428223	45.000000	0.451382	0.0190276
sR	1560.847559	45.000000	0.442663	0.0188533
sR	1564.266992	45.000000	0.439529	0.0187906
sR	1567.686621	45.000000	0.437685	0.0187537
sR	1571.106348	45.000000	0.433009	0.0186602
sR	1574.526270	45.000000	0.429795	0.0185959
sR	1577.946289	45.000000	0.428813	0.0185763
sR	1581.366406	45.000000	0.421555	0.0184311
sR	1584.786719	45.000000	0.421387	0.0184277
sR	1588.207227	45.000000	0.414896	0.0182979
sR	1591.627832	45.000000	0.411216	0.0182243
sR	1595.048535	45.000000	0.411011	0.0182202
sR	1598.469531	45.000000	0.408075	0.0181615
sR	1601.890625	45.000000	0.40454	0.0180908
sR	1605.311816	45.000000	0.400553	0.0180111
sR	1608.733301	45.000000	0.397072	0.0179414
sR	1612.154883	45.000000	0.392454	0.0178491
sR	1615.576758	45.000000	0.386965	0.0177393
sR	1618.998730	45.000000	0.383276	0.0176655
sR	1622.420898	45.000000	0.380323	0.0176065
sR	1625.843262	45.000000	0.379364	0.0175873
sR	1629.265918	45.000000	0.374659	0.0174932
sR	1632.688672	45.000000	0.36888	0.0173776
sR	1636.111719	45.000000	0.366348	0.017327
sR	1639.534961	45.000000	0.361616	0.0172323
sR	1642.958398	45.000000	0.35821	0.0171642
sR	1646.382031	45.000000	0.354196	0.0170839
sR	1649.805859	45.000000	0.35134	0.0170268
sR	1653.230078	45.000000	0.345761	0.0169152
sR	1656.654297	45.000000	0.339622	0.0167924
sR	1660.078906	45.000000	0.337474	0.0167495
sR	1663.503711	45.000000	0.334109	0.0166822
sR	1666.928906	45.000000	0.333902	0.016678
sR	1670.354102	45.000000	0.328175	0.0165635
sR	1673.779688	45.000000	0.325566	0.0165113
sR	1677.205664	45.000000	0.319982	0.0163996
sR	1680.631641	45.000000	0.318241	0.0163648
sR	1684.058008	45.000000	0.3151	0.016302
sR	1687.484766	45.000000	0.315251	0.016305
sR	1690.911719	45.000000	0.314017	0.0162803
sR	1694.338867	45.000000	0.307946	0.0161589
sR	1697.766406	45.000000	0.305609	0.0161122