ta2o5 reference 022620007 rp
RTmethod[PolRT=-0.08, RevsRT=100, WVASE=3.616, HardVer=17.034, Mon Feb 26 11:36:27 2007]
Original[ta2o5_02262007_rp.dat]
nm
pR	245.732520	45.000000	0.128525	0.0125705
pR	247.331348	45.000000	0.126811	0.0125362
pR	248.930176	45.000000	0.125864	0.0125173
pR	250.529053	45.000000	0.123864	0.0124773
pR	252.127954	45.000000	0.122221	0.0124444
pR	253.726855	45.000000	0.119901	0.012398
pR	255.325781	45.000000	0.1188	0.012376
pR	256.924731	45.000000	0.116514	0.0123303
pR	258.523706	45.000000	0.114	0.01228
pR	260.122681	45.000000	0.111216	0.0122243
pR	261.721680	45.000000	0.109792	0.0121958
pR	263.320703	45.000000	0.107924	0.0121585
pR	264.919751	45.000000	0.108396	0.0121679
pR	266.518799	45.000000	0.110455	0.0122091
pR	268.117871	45.000000	0.114207	0.0122841
pR	269.716968	45.000000	0.120564	0.0124113
pR	271.316089	45.000000	0.126471	0.0125294
pR	272.915210	45.000000	0.132636	0.0126527
pR	274.514331	45.000000	0.13316	0.0126632
pR	276.113501	45.000000	0.129161	0.0125832
pR	277.712646	45.000000	0.116809	0.0123362
pR	279.311841	45.000000	0.0969269	0.0119385
pR	280.911035	45.000000	0.070815	0.0114163
pR	282.510254	45.000000	0.0438224	0.0108764
pR	284.109473	45.000000	0.0251057	0.0105021
pR	285.708716	45.000000	0.0127668	0.0102553
pR	287.307959	45.000000	0.0271385	0.0105428
pR	288.907202	45.000000	0.0525399	0.0110508
pR	290.506494	45.000000	0.0978526	0.0119571
pR	292.105762	45.000000	0.149118	0.0129824
pR	293.705078	45.000000	0.20119	0.0140238
pR	295.304370	45.000000	0.245807	0.0149161
pR	296.903687	45.000000	0.283722	0.0156744
pR	298.503027	45.000000	0.313244	0.0162649
pR	300.102368	45.000000	0.331296	0.0166259
pR	301.701709	45.000000	0.342404	0.0168481
pR	303.301074	45.000000	0.344031	0.0168806
pR	304.900439	45.000000	0.339302	0.016786
pR	306.499805	45.000000	0.329594	0.0165919
pR	308.099194	45.000000	0.31347	0.0162694
pR	309.698584	45.000000	0.291977	0.0158395
pR	311.297998	45.000000	0.266416	0.0153283
pR	312.897388	45.000000	0.237066	0.0147413
pR	314.496802	45.000000	0.207023	0.0141405
pR	316.096216	45.000000	0.174984	0.0134997
pR	317.695654	45.000000	0.143817	0.0128763
pR	319.295093	45.000000	0.116448	0.012329
pR	320.894531	45.000000	0.0919219	0.0118384
pR	322.493970	45.000000	0.0728128	0.0114563
pR	324.093408	45.000000	0.0581016	0.011162
pR	325.692871	45.000000	0.0511599	0.0110232
pR	327.292334	45.000000	0.0505844	0.0110117
pR	328.891797	45.000000	0.0564395	0.0111288
pR	330.491260	45.000000	0.0668687	0.0113374
pR	332.090723	45.000000	0.0827984	0.011656
pR	333.690186	45.000000	0.102511	0.0120502
pR	335.289673	45.000000	0.124655	0.0124931
pR	336.889136	45.000000	0.14707	0.0129414
pR	338.488623	45.000000	0.171109	0.0134222
pR	340.088110	45.000000	0.1942	0.013884
pR	341.687573	45.000000	0.217475	0.0143495
pR	343.287061	45.000000	0.238865	0.0147773
pR	344.886548	45.000000	0.259244	0.0151849
pR	346.486035	45.000000	0.277025	0.0155405
pR	348.085522	45.000000	0.293752	0.015875
pR	349.684985	45.000000	0.309341	0.0161868
pR	351.284473	45.000000	0.322437	0.0164487
pR	352.883960	45.000000	0.333527	0.0166705
pR	354.483423	45.000000	0.342803	0.0168561
pR	356.082910	45.000000	0.35148	0.0170296
pR	357.682373	45.000000	0.358286	0.0171657
pR	359.281860	45.000000	0.36324	0.0172648
pR	360.881323	45.000000	0.367737	0.0173547
pR	362.480786	45.000000	0.369516	0.0173903
pR	364.080249	45.000000	0.370748	0.017415
pR	365.679712	45.000000	0.371224	0.0174245
pR	367.279175	45.000000	0.369649	0.017393
pR	368.878613	45.000000	0.36696	0.0173392
pR	370.478052	45.000000	0.364364	0.0172873
pR	372.077490	45.000000	0.359933	0.0171987
pR	373.676929	45.000000	0.354259	0.0170852
pR	375.276367	45.000000	0.349283	0.0169857
pR	376.875781	45.000000	0.343336	0.0168667
pR	378.475195	45.000000	0.336459	0.0167292
pR	380.074609	45.000000	0.328585	0.0165717
pR	381.673999	45.000000	0.321203	0.0164241
pR	383.273389	45.000000	0.310791	0.0162158
pR	384.872778	45.000000	0.300449	0.016009
pR	386.472168	45.000000	0.290007	0.0158001
pR	388.071533	45.000000	0.27875	0.015575
pR	389.670898	45.000000	0.268539	0.0153708
pR	391.270239	45.000000	0.256018	0.0151203
pR	392.869580	45.000000	0.243614	0.0148723
pR	394.468921	45.000000	0.232478	0.0146496
pR	396.068237	45.000000	0.219739	0.0143948
pR	397.667554	45.000000	0.207719	0.0141544
pR	399.266846	45.000000	0.196049	0.013921
pR	400.866138	45.000000	0.18437	0.0136874
pR	402.465405	45.000000	0.173019	0.0134604
pR	404.064673	45.000000	0.16179	0.0132358
pR	405.663916	45.000000	0.150905	0.0130181
pR	407.263159	45.000000	0.1419	0.012838
pR	408.862378	45.000000	0.132654	0.0126531
pR	410.461572	45.000000	0.123653	0.0124731
pR	412.060791	45.000000	0.116594	0.0123319
pR	413.659961	45.000000	0.109635	0.0121927
pR	415.259131	45.000000	0.104004	0.0120801
pR	416.858301	45.000000	0.10017	0.0120034
pR	418.457422	45.000000	0.0969517	0.011939
pR	420.056592	45.000000	0.0952083	0.0119042
pR	421.655664	45.000000	0.0936304	0.0118726
pR	423.254785	45.000000	0.0933701	0.0118674
pR	424.853857	45.000000	0.0943018	0.011886
pR	426.452930	45.000000	0.096552	0.011931
pR	428.051953	45.000000	0.0996434	0.0119929
pR	429.650977	45.000000	0.104218	0.0120844
pR	431.250000	45.000000	0.109048	0.012181
pR	432.848975	45.000000	0.11511	0.0123022
pR	434.447949	45.000000	0.12171	0.0124342
pR	436.046924	45.000000	0.129278	0.0125856
pR	437.645850	45.000000	0.137044	0.0127409
pR	439.244727	45.000000	0.145289	0.0129058
pR	440.843652	45.000000	0.154535	0.0130907
pR	442.442529	45.000000	0.163314	0.0132663
pR	444.041357	45.000000	0.172193	0.0134439
pR	445.640186	45.000000	0.182042	0.0136408
pR	447.239014	45.000000	0.191827	0.0138365
pR	448.837793	45.000000	0.201531	0.0140306
pR	450.436572	45.000000	0.211477	0.0142296
pR	452.035303	45.000000	0.220752	0.014415
pR	453.634033	45.000000	0.230396	0.0146079
pR	455.232715	45.000000	0.24029	0.0148058
pR	456.831396	45.000000	0.249894	0.0149979
pR	458.430078	45.000000	0.258495	0.0151699
pR	460.028711	45.000000	0.267823	0.0153565
pR	461.627295	45.000000	0.277103	0.0155421
pR	463.225879	45.000000	0.285287	0.0157057
pR	464.824463	45.000000	0.293454	0.0158691
pR	466.422949	45.000000	0.301804	0.0160361
pR	468.021484	45.000000	0.309967	0.0161993
pR	469.619971	45.000000	0.316554	0.0163311
pR	471.218408	45.000000	0.324051	0.016481
pR	472.816846	45.000000	0.331174	0.0166235
pR	474.415234	45.000000	0.338741	0.0167748
pR	476.013623	45.000000	0.345544	0.0169109
pR	477.611963	45.000000	0.350802	0.017016
pR	479.210254	45.000000	0.35652	0.0171304
pR	480.808545	45.000000	0.3618	0.017236
pR	482.406836	45.000000	0.367266	0.0173453
pR	484.005029	45.000000	0.372631	0.0174526
pR	485.603271	45.000000	0.378012	0.0175602
pR	487.201416	45.000000	0.381557	0.0176311
pR	488.799561	45.000000	0.385916	0.0177183
pR	490.397656	45.000000	0.389922	0.0177984
pR	491.995752	45.000000	0.394064	0.0178813
pR	493.593799	45.000000	0.396811	0.0179362
pR	495.191846	45.000000	0.399948	0.017999
pR	496.789795	45.000000	0.403597	0.0180719
pR	498.387744	45.000000	0.406609	0.0181322
pR	499.985693	45.000000	0.409111	0.0181822
pR	501.583594	45.000000	0.411058	0.0182212
pR	503.181445	45.000000	0.413067	0.0182613
pR	504.779248	45.000000	0.41552	0.0183104
pR	506.377051	45.000000	0.415937	0.0183187
pR	507.974805	45.000000	0.417635	0.0183527
pR	509.572510	45.000000	0.419342	0.0183868
pR	511.170215	45.000000	0.420599	0.018412
pR	512.767871	45.000000	0.420818	0.0184164
pR	514.365479	45.000000	0.422165	0.0184433
pR	515.963037	45.000000	0.422274	0.0184455
pR	517.560596	45.000000	0.423142	0.0184628
pR	519.158105	45.000000	0.422753	0.0184551
pR	520.755566	45.000000	0.422536	0.0184507
pR	522.353027	45.000000	0.422671	0.0184534
pR	523.950391	45.000000	0.423285	0.0184657
pR	525.547754	45.000000	0.422586	0.0184517
pR	527.145068	45.000000	0.421864	0.0184373
pR	528.742383	45.000000	0.420515	0.0184103
pR	530.339600	45.000000	0.420537	0.0184107
pR	531.936816	45.000000	0.419128	0.0183826
pR	533.533984	45.000000	0.418172	0.0183634
pR	535.131104	45.000000	0.416694	0.0183339
pR	536.728174	45.000000	0.414876	0.0182975
pR	538.325244	45.000000	0.412683	0.0182537
pR	539.922266	45.000000	0.411329	0.0182266
pR	541.519189	45.000000	0.409097	0.0181819
pR	543.116113	45.000000	0.407539	0.0181508
pR	544.712988	45.000000	0.405812	0.0181162
pR	546.309863	45.000000	0.403073	0.0180615
pR	547.906641	45.000000	0.399799	0.017996
pR	549.503369	45.000000	0.397481	0.0179496
pR	551.100098	45.000000	0.394918	0.0178984
pR	552.696777	45.000000	0.392513	0.0178503
pR	554.293359	45.000000	0.390129	0.0178026
pR	555.889941	45.000000	0.387538	0.0177508
pR	557.486475	45.000000	0.384976	0.0176995
pR	559.082959	45.000000	0.381209	0.0176242
pR	560.679395	45.000000	0.377837	0.0175567
pR	562.275830	45.000000	0.374606	0.0174921
pR	563.872168	45.000000	0.371214	0.0174243
pR	565.468457	45.000000	0.36721	0.0173442
pR	567.064697	45.000000	0.363611	0.0172722
pR	568.660938	45.000000	0.360075	0.0172015
pR	570.257080	45.000000	0.356828	0.0171366
pR	571.853223	45.000000	0.352424	0.0170485
pR	573.449268	45.000000	0.349513	0.0169903
pR	575.045313	45.000000	0.345254	0.0169051
pR	576.641260	45.000000	0.341833	0.0168367
pR	578.237207	45.000000	0.337803	0.0167561
pR	579.833057	45.000000	0.332908	0.0166582
pR	581.428857	45.000000	0.328636	0.0165727
pR	583.024658	45.000000	0.325533	0.0165107
pR	584.620361	45.000000	0.320913	0.0164183
pR	586.216064	45.000000	0.316638	0.0163328
pR	587.811670	45.000000	0.312394	0.0162479
pR	589.407227	45.000000	0.308022	0.0161604
pR	591.002734	45.000000	0.303002	0.01606
pR	592.598193	45.000000	0.298532	0.0159706
pR	594.193604	45.000000	0.295107	0.0159021
pR	595.788965	45.000000	0.291207	0.0158241
pR	597.384277	45.000000	0.286389	0.0157278
pR	598.979541	45.000000	0.281515	0.0156303
pR	600.574756	45.000000	0.277544	0.0155509
pR	602.169873	45.000000	0.273568	0.0154714
pR	603.764990	45.000000	0.269154	0.0153831
pR	605.360010	45.000000	0.264969	0.0152994
pR	606.954980	45.000000	0.260776	0.0152155
pR	608.549902	45.000000	0.256363	0.0151273
pR	610.144775	45.000000	0.252565	0.0150513
pR	611.739600	45.000000	0.248196	0.0149639
pR	613.334375	45.000000	0.244059	0.0148812
pR	614.929053	45.000000	0.240264	0.0148053
pR	616.523730	45.000000	0.236648	0.014733
pR	618.118311	45.000000	0.231978	0.0146396
pR	619.712842	45.000000	0.228338	0.0145668
pR	621.307275	45.000000	0.224947	0.0144989
pR	622.901709	45.000000	0.221263	0.0144253
pR	624.496045	45.000000	0.217862	0.0143572
pR	626.090381	45.000000	0.213729	0.0142746
pR	627.684570	45.000000	0.209752	0.014195
pR	629.278760	45.000000	0.206934	0.0141387
pR	630.872900	45.000000	0.204123	0.0140825
pR	632.466943	45.000000	0.200921	0.0140184
pR	634.060938	45.000000	0.197996	0.0139599
pR	635.654883	45.000000	0.19505	0.013901
pR	637.248730	45.000000	0.192107	0.0138421
pR	638.842529	45.000000	0.189429	0.0137886
pR	640.436279	45.000000	0.187073	0.0137415
pR	642.029980	45.000000	0.184349	0.013687
pR	643.623584	45.000000	0.182672	0.0136534
pR	645.217139	45.000000	0.180479	0.0136096
pR	646.810645	45.000000	0.177909	0.0135582
pR	648.404053	45.000000	0.175848	0.013517
pR	649.997412	45.000000	0.174209	0.0134842
pR	651.590723	45.000000	0.172537	0.0134507
pR	653.183984	45.000000	0.171255	0.0134251
pR	654.777148	45.000000	0.169598	0.013392
pR	656.370264	45.000000	0.168185	0.0133637
pR	657.963281	45.000000	0.167484	0.0133497
pR	659.556250	45.000000	0.16603	0.0133206
pR	661.149170	45.000000	0.164783	0.0132957
pR	662.741992	45.000000	0.164166	0.0132833
pR	664.334766	45.000000	0.163964	0.0132793
pR	665.927490	45.000000	0.163454	0.0132691
pR	667.520117	45.000000	0.163155	0.0132631
pR	669.112695	45.000000	0.162561	0.0132512
pR	670.705176	45.000000	0.162285	0.0132457
pR	672.297607	45.000000	0.162475	0.0132495
pR	673.889990	45.000000	0.162929	0.0132586
pR	675.482275	45.000000	0.163702	0.013274
pR	677.074512	45.000000	0.164365	0.0132873
pR	678.666650	45.000000	0.164779	0.0132956
pR	680.258740	45.000000	0.16486	0.0132972
pR	681.850732	45.000000	0.165368	0.0133074
pR	683.442676	45.000000	0.166594	0.0133319
pR	685.034521	45.000000	0.167052	0.013341
pR	686.626318	45.000000	0.168008	0.0133602
pR	688.218066	45.000000	0.169666	0.0133933
pR	689.809717	45.000000	0.170562	0.0134112
pR	691.401270	45.000000	0.172066	0.0134413
pR	692.992773	45.000000	0.17356	0.0134712
pR	694.584229	45.000000	0.17516	0.0135032
pR	696.175586	45.000000	0.176598	0.013532
pR	697.766846	45.000000	0.17831	0.0135662
pR	699.358057	45.000000	0.180144	0.0136029
pR	700.949170	45.000000	0.182517	0.0136503
pR	702.540234	45.000000	0.184118	0.0136824
pR	704.131201	45.000000	0.18555	0.013711
pR	705.722119	45.000000	0.187828	0.0137566
pR	707.312939	45.000000	0.191108	0.0138222
pR	708.903711	45.000000	0.193214	0.0138643
pR	710.494385	45.000000	0.194915	0.0138983
pR	712.084961	45.000000	0.197381	0.0139476
pR	713.675488	45.000000	0.199937	0.0139987
pR	715.265918	45.000000	0.20272	0.0140544
pR	716.856299	45.000000	0.204629	0.0140926
pR	718.446582	45.000000	0.206234	0.0141247
pR	720.036768	45.000000	0.20943	0.0141886
pR	721.626904	45.000000	0.211667	0.0142333
pR	723.216943	45.000000	0.215383	0.0143077
pR	724.806885	45.000000	0.218177	0.0143635
pR	726.396777	45.000000	0.221434	0.0144287
pR	727.986572	45.000000	0.223789	0.0144758
pR	729.576318	45.000000	0.225407	0.0145081
pR	731.165967	45.000000	0.228712	0.0145742
pR	732.755518	45.000000	0.232055	0.0146411
pR	734.344971	45.000000	0.234976	0.0146995
pR	735.934375	45.000000	0.237079	0.0147416
pR	737.523682	45.000000	0.240503	0.0148101
pR	739.112891	45.000000	0.242711	0.0148542
pR	740.702051	45.000000	0.245588	0.0149118
pR	742.291113	45.000000	0.248366	0.0149673
pR	743.880078	45.000000	0.252062	0.0150412
pR	745.468994	45.000000	0.254067	0.0150813
pR	747.057764	45.000000	0.256818	0.0151364
pR	748.646484	45.000000	0.259537	0.0151907
pR	750.235156	45.000000	0.263529	0.0152706
pR	751.823682	45.000000	0.265383	0.0153077
pR	753.412158	45.000000	0.268414	0.0153683
pR	755.000537	45.000000	0.271951	0.015439
pR	756.588818	45.000000	0.274798	0.015496
pR	758.177002	45.000000	0.27712	0.0155424
pR	759.765137	45.000000	0.279678	0.0155936
pR	761.353125	45.000000	0.284042	0.0156808
pR	762.941064	45.000000	0.287278	0.0157456
pR	764.528906	45.000000	0.290173	0.0158035
pR	766.116699	45.000000	0.293696	0.0158739
pR	767.704346	45.000000	0.296518	0.0159304
pR	769.291943	45.000000	0.298541	0.0159708
pR	770.879443	45.000000	0.300781	0.0160156
pR	772.466846	45.000000	0.303966	0.0160793
pR	774.054150	45.000000	0.305984	0.0161197
pR	775.641357	45.000000	0.309528	0.0161906
pR	777.228467	45.000000	0.313427	0.0162685
pR	778.815527	45.000000	0.315323	0.0163065
pR	780.402441	45.000000	0.317778	0.0163556
pR	781.989307	45.000000	0.321029	0.0164206
pR	783.576074	45.000000	0.322038	0.0164408
pR	785.162744	45.000000	0.325697	0.0165139
pR	786.749316	45.000000	0.327857	0.0165571
pR	788.335791	45.000000	0.329982	0.0165996
pR	789.922168	45.000000	0.333509	0.0166702
pR	791.508447	45.000000	0.336038	0.0167208
pR	793.094629	45.000000	0.338683	0.0167737
pR	794.680762	45.000000	0.340934	0.0168187
pR	796.266748	45.000000	0.343106	0.0168621
pR	797.852637	45.000000	0.345436	0.0169087
pR	799.438477	45.000000	0.348234	0.0169647
pR	801.024170	45.000000	0.350393	0.0170079
pR	802.609814	45.000000	0.353081	0.0170616
pR	804.195313	45.000000	0.355726	0.0171145
pR	805.780762	45.000000	0.356594	0.0171319
pR	807.366064	45.000000	0.359069	0.0171814
pR	808.951318	45.000000	0.363036	0.0172607
pR	810.536426	45.000000	0.364794	0.0172959
pR	812.121484	45.000000	0.366905	0.0173381
pR	813.706396	45.000000	0.368922	0.0173784
pR	815.291211	45.000000	0.370126	0.0174025
pR	816.875977	45.000000	0.373242	0.0174648
pR	818.460596	45.000000	0.374908	0.0174982
pR	820.045117	45.000000	0.376363	0.0175273
pR	821.629590	45.000000	0.380847	0.0176169
pR	823.213867	45.000000	0.382753	0.0176551
pR	824.798145	45.000000	0.383869	0.0176774
pR	826.382227	45.000000	0.386939	0.0177388
pR	827.966211	45.000000	0.388019	0.0177604
pR	829.550195	45.000000	0.389005	0.0177801
pR	831.133984	45.000000	0.390764	0.0178153
pR	832.717676	45.000000	0.392474	0.0178495
pR	834.301270	45.000000	0.395806	0.0179161
pR	835.884863	45.000000	0.396573	0.0179315
pR	837.468262	45.000000	0.398576	0.0179715
pR	839.051563	45.000000	0.401411	0.0180282
pR	840.634668	45.000000	0.402157	0.0180431
pR	842.217773	45.000000	0.40551	0.0181102
pR	843.800781	45.000000	0.406236	0.0181247
pR	845.383691	45.000000	0.40841	0.0181682
pR	846.966406	45.000000	0.409829	0.0181966
pR	848.549121	45.000000	0.410938	0.0182188
pR	850.131641	45.000000	0.412864	0.0182573
pR	851.714063	45.000000	0.416293	0.0183259
pR	853.296484	45.000000	0.416303	0.0183261
pR	854.878711	45.000000	0.41855	0.018371
pR	856.460840	45.000000	0.41875	0.018375
pR	858.042773	45.000000	0.419601	0.018392
pR	859.624707	45.000000	0.420878	0.0184176
pR	861.206543	45.000000	0.424439	0.0184888
pR	862.788184	45.000000	0.426265	0.0185253
pR	864.369824	45.000000	0.426852	0.018537
pR	865.951270	45.000000	0.430684	0.0186137
pR	867.532617	45.000000	0.431931	0.0186386
pR	869.113867	45.000000	0.433424	0.0186685
pR	870.695020	45.000000	0.434162	0.0186832
pR	872.275977	45.000000	0.436378	0.0187276
pR	873.856934	45.000000	0.436102	0.018722
pR	875.437695	45.000000	0.440218	0.0188044
pR	877.018359	45.000000	0.43905	0.018781
pR	878.599023	45.000000	0.440715	0.0188143
pR	880.179395	45.000000	0.441217	0.0188243
pR	881.759766	45.000000	0.441726	0.0188345
pR	883.340039	45.000000	0.445167	0.0189033
pR	884.920117	45.000000	0.446552	0.018931
pR	886.500098	45.000000	0.446955	0.0189391
pR	888.079980	45.000000	0.446228	0.0189246
pR	889.659766	45.000000	0.447585	0.0189517
pR	891.239453	45.000000	0.448471	0.0189694
pR	892.818945	45.000000	0.448269	0.0189654
pR	894.398438	45.000000	0.449874	0.0189975
pR	895.977734	45.000000	0.452063	0.0190413
pR	897.556934	45.000000	0.453187	0.0190637
pR	899.135938	45.000000	0.453493	0.0190699
pR	900.714941	45.000000	0.454485	0.0190897
pR	902.293750	45.000000	0.454631	0.0190926
pR	903.872461	45.000000	0.457512	0.0191502
pR	905.451074	45.000000	0.458336	0.0191667
pR	907.029590	45.000000	0.459868	0.0191974
pR	908.607910	45.000000	0.460516	0.0192103
pR	910.186133	45.000000	0.461974	0.0192395
pR	911.764258	45.000000	0.461456	0.0192291
pR	913.342285	45.000000	0.462202	0.019244
pR	914.920117	45.000000	0.465166	0.0193033
pR	916.497852	45.000000	0.46323	0.0192646
pR	918.075488	45.000000	0.464812	0.0192962
pR	919.653027	45.000000	0.466186	0.0193237
pR	921.230469	45.000000	0.467265	0.0193453
pR	922.807715	45.000000	0.467784	0.0193557
pR	924.384863	45.000000	0.469828	0.0193966
pR	925.961914	45.000000	0.468425	0.0193685
pR	927.538770	45.000000	0.471874	0.0194375
pR	929.115527	45.000000	0.473206	0.0194641
pR	930.692188	45.000000	0.470548	0.019411
pR	932.268750	45.000000	0.469217	0.0193843
pR	933.845117	45.000000	0.472514	0.0194503
pR	935.421387	45.000000	0.472032	0.0194406
pR	936.997559	45.000000	0.473686	0.0194737
pR	938.573535	45.000000	0.478315	0.0195663
pR	940.149414	45.000000	0.476367	0.0195273
pR	941.725195	45.000000	0.475194	0.0195039
pR	943.300879	45.000000	0.478859	0.0195772
pR	944.876367	45.000000	0.479888	0.0195978
pR	946.451758	45.000000	0.478833	0.0195767
pR	948.027051	45.000000	0.478486	0.0195697
pR	949.602148	45.000000	0.483803	0.0196761
pR	951.177148	45.000000	0.484565	0.0196913
pR	952.752051	45.000000	0.485386	0.0197077
pR	954.326758	45.000000	0.483679	0.0196736
pR	955.901367	45.000000	0.483727	0.0196745
pR	957.475879	45.000000	0.480505	0.0196101
pR	959.050195	45.000000	0.478904	0.0195781
pR	960.624512	45.000000	0.480092	0.0196018
pR	962.198535	45.000000	0.482386	0.0196477
pR	963.772559	45.000000	0.485121	0.0197024
pR	965.346387	45.000000	0.484624	0.0196925
pR	966.920020	45.000000	0.48417	0.0196834
pR	968.493652	45.000000	0.485624	0.0197125
pR	970.066992	45.000000	0.48846	0.0197692
pR	971.640332	45.000000	0.488048	0.019761
pR	973.213477	45.000000	0.488736	0.0197747
pR	974.786523	45.000000	0.488869	0.0197774
pR	976.359473	45.000000	0.487543	0.0197509
pR	977.932227	45.000000	0.489806	0.0197961
pR	979.504785	45.000000	0.492016	0.0198403
pR	981.077344	45.000000	0.491781	0.0198356
pR	982.649707	45.000000	0.491087	0.0198217
pR	984.221875	45.000000	0.491337	0.0198267
pR	985.793945	45.000000	0.492242	0.0198449
pR	987.365918	45.000000	0.492756	0.0198551
pR	988.937793	45.000000	0.491053	0.0198211
pR	990.509375	45.000000	0.491983	0.0198397
pR	992.080957	45.000000	0.49185	0.019837
pR	993.652344	45.000000	0.495158	0.0199032
pR	995.223633	45.000000	0.494906	0.0198981
pR	996.794727	45.000000	0.496115	0.0199223
pR	998.365723	45.000000	0.492824	0.0198565
pR	999.936523	45.000000	0.49359	0.0198718
pR	1012.422852	45.000000	0.489256	0.0197851
pR	1015.876367	45.000000	0.490147	0.0198029
pR	1019.329297	45.000000	0.489637	0.0197927
pR	1022.781836	45.000000	0.490219	0.0198044
pR	1026.233691	45.000000	0.488917	0.0197783
pR	1029.685059	45.000000	0.487985	0.0197597
pR	1033.135938	45.000000	0.489227	0.0197845
pR	1036.586230	45.000000	0.489204	0.0197841
pR	1040.036035	45.000000	0.491853	0.0198371
pR	1043.485352	45.000000	0.491963	0.0198393
pR	1046.934082	45.000000	0.490946	0.0198189
pR	1050.382324	45.000000	0.489978	0.0197996
pR	1053.830078	45.000000	0.490013	0.0198003
pR	1057.277344	45.000000	0.488856	0.0197771
pR	1060.724121	45.000000	0.490933	0.0198187
pR	1064.170410	45.000000	0.490938	0.0198188
pR	1067.616113	45.000000	0.495121	0.0199024
pR	1071.061426	45.000000	0.493599	0.019872
pR	1074.506250	45.000000	0.499171	0.0199834
pR	1077.950586	45.000000	0.490508	0.0198102
pR	1081.394434	45.000000	0.499079	0.0199816
pR	1084.837891	45.000000	0.491523	0.0198305
pR	1088.280762	45.000000	0.499755	0.0199951
pR	1091.723242	45.000000	0.49166	0.0198332
pR	1095.165332	45.000000	0.503831	0.0200766
pR	1098.606836	45.000000	0.491256	0.0198251
pR	1102.047949	45.000000	0.503578	0.0200716
pR	1105.488672	45.000000	0.491995	0.0198399
pR	1108.928906	45.000000	0.501601	0.020032
pR	1112.368750	45.000000	0.489124	0.0197825
pR	1115.808105	45.000000	0.501829	0.0200366
pR	1119.247070	45.000000	0.490866	0.0198173
pR	1122.685645	45.000000	0.502281	0.0200456
pR	1126.123730	45.000000	0.493848	0.019877
pR	1129.561426	45.000000	0.503244	0.0200649
pR	1132.998730	45.000000	0.493138	0.0198628
pR	1136.435645	45.000000	0.50094	0.0200188
pR	1139.872168	45.000000	0.490071	0.0198014
pR	1143.308203	45.000000	0.498901	0.019978
pR	1146.743945	45.000000	0.493308	0.0198661
pR	1150.179297	45.000000	0.500472	0.0200094
pR	1153.614258	45.000000	0.492804	0.0198561
pR	1157.048828	45.000000	0.501	0.02002
pR	1160.483008	45.000000	0.495078	0.0199016
pR	1163.916797	45.000000	0.499767	0.0199953
pR	1167.350195	45.000000	0.491247	0.0198249
pR	1170.783301	45.000000	0.496717	0.0199343
pR	1174.216016	45.000000	0.491198	0.019824
pR	1177.648438	45.000000	0.493276	0.0198655
pR	1181.080469	45.000000	0.489538	0.0197908
pR	1184.512109	45.000000	0.49431	0.0198862
pR	1187.943457	45.000000	0.494012	0.0198802
pR	1191.374512	45.000000	0.4949	0.019898
pR	1194.805176	45.000000	0.491305	0.0198261
pR	1198.235547	45.000000	0.494329	0.0198866
pR	1201.665527	45.000000	0.488167	0.0197633
pR	1205.095215	45.000000	0.48713	0.0197426
pR	1208.524609	45.000000	0.483657	0.0196731
pR	1211.953711	45.000000	0.486604	0.0197321
pR	1215.382422	45.000000	0.482121	0.0196424
pR	1218.810938	45.000000	0.48598	0.0197196
pR	1222.239063	45.000000	0.483652	0.019673
pR	1225.666895	45.000000	0.485926	0.0197185
pR	1229.094531	45.000000	0.481724	0.0196345
pR	1232.521777	45.000000	0.481917	0.0196383
pR	1235.948828	45.000000	0.47693	0.0195386
pR	1239.375586	45.000000	0.480588	0.0196118
pR	1242.801953	45.000000	0.474518	0.0194904
pR	1246.228223	45.000000	0.476262	0.0195252
pR	1249.654102	45.000000	0.472283	0.0194457
pR	1253.079785	45.000000	0.476569	0.0195314
pR	1256.505176	45.000000	0.473578	0.0194716
pR	1259.930273	45.000000	0.476566	0.0195313
pR	1263.355273	45.000000	0.472315	0.0194463
pR	1266.779883	45.000000	0.473006	0.0194601
pR	1270.204297	45.000000	0.466188	0.0193238
pR	1273.628516	45.000000	0.467589	0.0193518
pR	1277.052441	45.000000	0.462452	0.019249
pR	1280.476172	45.000000	0.463829	0.0192766
pR	1283.899609	45.000000	0.458901	0.019178
pR	1287.322949	45.000000	0.464623	0.0192925
pR	1290.745996	45.000000	0.458888	0.0191778
pR	1294.168848	45.000000	0.464053	0.0192811
pR	1297.591504	45.000000	0.460719	0.0192144
pR	1301.013965	45.000000	0.461766	0.0192353
pR	1304.436230	45.000000	0.456788	0.0191358
pR	1307.858301	45.000000	0.459496	0.0191899
pR	1311.280078	45.000000	0.452775	0.0190555
pR	1314.701758	45.000000	0.452917	0.0190583
pR	1318.123340	45.000000	0.447367	0.0189473
pR	1321.544629	45.000000	0.452917	0.0190583
pR	1324.965723	45.000000	0.443902	0.018878
pR	1328.386719	45.000000	0.448415	0.0189683
pR	1331.807520	45.000000	0.444014	0.0188803
pR	1335.228223	45.000000	0.453396	0.0190679
pR	1338.648730	45.000000	0.443185	0.0188637
pR	1342.069043	45.000000	0.451175	0.0190235
pR	1345.489258	45.000000	0.44349	0.0188698
pR	1348.909277	45.000000	0.448304	0.0189661
pR	1352.329199	45.000000	0.436195	0.0187239
pR	1355.749023	45.000000	0.440615	0.0188123
pR	1359.168652	45.000000	0.427617	0.0185523
pR	1362.588184	45.000000	0.43583	0.0187166
pR	1366.007617	45.000000	0.422328	0.0184466
pR	1369.426855	45.000000	0.432783	0.0186557
pR	1372.845996	45.000000	0.421014	0.0184203
pR	1376.265039	45.000000	0.433111	0.0186622
pR	1379.684082	45.000000	0.422027	0.0184405
pR	1383.102930	45.000000	0.434544	0.0186909
pR	1386.521680	45.000000	0.421354	0.0184271
pR	1389.940332	45.000000	0.432326	0.0186465
pR	1393.358887	45.000000	0.416979	0.0183396
pR	1396.777344	45.000000	0.426199	0.018524
pR	1400.195801	45.000000	0.410688	0.0182138
pR	1403.614063	45.000000	0.421535	0.0184307
pR	1407.032324	45.000000	0.407029	0.0181406
pR	1410.450586	45.000000	0.419443	0.0183889
pR	1413.868652	45.000000	0.406738	0.0181348
pR	1417.286719	45.000000	0.417901	0.018358
pR	1420.704785	45.000000	0.407095	0.0181419
pR	1424.122754	45.000000	0.419841	0.0183968
pR	1427.540625	45.000000	0.406805	0.0181361
pR	1430.958496	45.000000	0.420865	0.0184173
pR	1434.376367	45.000000	0.404924	0.0180985
pR	1437.794141	45.000000	0.416868	0.0183374
pR	1441.211914	45.000000	0.405377	0.0181075
pR	1444.629688	45.000000	0.414634	0.0182927
pR	1448.047363	45.000000	0.400342	0.0180068
pR	1451.465039	45.000000	0.41027	0.0182054
pR	1454.882813	45.000000	0.395805	0.0179161
pR	1458.300488	45.000000	0.403801	0.018076
pR	1461.718164	45.000000	0.392374	0.0178475
pR	1465.135840	45.000000	0.402683	0.0180537
pR	1468.553516	45.000000	0.390706	0.0178141
pR	1471.971191	45.000000	0.403041	0.0180608
pR	1475.388867	45.000000	0.390825	0.0178165
pR	1478.806543	45.000000	0.400589	0.0180118
pR	1482.224316	45.000000	0.390788	0.0178158
pR	1485.642090	45.000000	0.400885	0.0180177
pR	1489.059863	45.000000	0.386751	0.017735
pR	1492.477734	45.000000	0.397686	0.0179537
pR	1495.895508	45.000000	0.383369	0.0176674
pR	1499.313477	45.000000	0.391057	0.0178211
pR	1502.731445	45.000000	0.378467	0.0175693
pR	1506.149414	45.000000	0.392353	0.0178471
pR	1509.567480	45.000000	0.378287	0.0175657
pR	1512.985547	45.000000	0.3888	0.017776
pR	1516.403711	45.000000	0.377183	0.0175437
pR	1519.821973	45.000000	0.386178	0.0177236
pR	1523.240234	45.000000	0.377493	0.0175499
pR	1526.658691	45.000000	0.38445	0.017689
pR	1530.077148	45.000000	0.377231	0.0175446
pR	1533.495703	45.000000	0.385239	0.0177048
pR	1536.914258	45.000000	0.375465	0.0175093
pR	1540.333008	45.000000	0.384258	0.0176852
pR	1543.751855	45.000000	0.372767	0.0174553
pR	1547.170801	45.000000	0.380381	0.0176076
pR	1550.589844	45.000000	0.369407	0.0173881
pR	1554.008887	45.000000	0.37498	0.0174996
pR	1557.428223	45.000000	0.365442	0.0173088
pR	1560.847559	45.000000	0.37101	0.0174202
pR	1564.266992	45.000000	0.361634	0.0172327
pR	1567.686621	45.000000	0.370363	0.0174073
pR	1571.106348	45.000000	0.359235	0.0171847
pR	1574.526270	45.000000	0.364072	0.0172814
pR	1577.946289	45.000000	0.361628	0.0172326
pR	1581.366406	45.000000	0.362518	0.0172504
pR	1584.786719	45.000000	0.36024	0.0172048
pR	1588.207227	45.000000	0.362986	0.0172597
pR	1591.627832	45.000000	0.362738	0.0172548
pR	1595.048535	45.000000	0.360508	0.0172102
pR	1598.469531	45.000000	0.360629	0.0172126
pR	1601.890625	45.000000	0.356397	0.0171279
pR	1605.311816	45.000000	0.360232	0.0172046
pR	1608.733301	45.000000	0.35657	0.0171314
pR	1612.154883	45.000000	0.354942	0.0170988
pR	1615.576758	45.000000	0.348947	0.0169789
pR	1618.998730	45.000000	0.349753	0.0169951
pR	1622.420898	45.000000	0.348621	0.0169724
pR	1625.843262	45.000000	0.349229	0.0169846
pR	1629.265918	45.000000	0.348176	0.0169635
pR	1632.688672	45.000000	0.346416	0.0169283
pR	1636.111719	45.000000	0.346869	0.0169374
pR	1639.534961	45.000000	0.345056	0.0169011
pR	1642.958398	45.000000	0.347907	0.0169581
pR	1646.382031	45.000000	0.349863	0.0169973
pR	1649.805859	45.000000	0.349086	0.0169817
pR	1653.230078	45.000000	0.348593	0.0169719
pR	1656.654297	45.000000	0.348507	0.0169701
pR	1660.078906	45.000000	0.348413	0.0169683
pR	1663.503711	45.000000	0.348247	0.0169649
pR	1666.928906	45.000000	0.345191	0.0169038
pR	1670.354102	45.000000	0.34652	0.0169304
pR	1673.779688	45.000000	0.342634	0.0168527
pR	1677.205664	45.000000	0.339968	0.0167994
pR	1680.631641	45.000000	0.340366	0.0168073
pR	1684.058008	45.000000	0.340181	0.0168036
pR	1687.484766	45.000000	0.34195	0.016839
pR	1690.911719	45.000000	0.340217	0.0168043
pR	1694.338867	45.000000	0.344034	0.0168807
pR	1697.766406	45.000000	0.335271	0.0167054