ta2o5 reference 022620007 rs 90 deg
RTmethod[PolRT=89.92, RevsRT=100, WVASE=3.616, HardVer=17.034, Mon Feb 26 11:42:17 2007]
Original[ta2o5_02262007_rs_90deg.dat]
nm
sR	245.732520	45.000000	0.410727	0.0182145
sR	247.331348	45.000000	0.410196	0.0182039
sR	248.930176	45.000000	0.406913	0.0181383
sR	250.529053	45.000000	0.404811	0.0180962
sR	252.127954	45.000000	0.403774	0.0180755
sR	253.726855	45.000000	0.401738	0.0180348
sR	255.325781	45.000000	0.397915	0.0179583
sR	256.924731	45.000000	0.395173	0.0179035
sR	258.523706	45.000000	0.394056	0.0178811
sR	260.122681	45.000000	0.390212	0.0178042
sR	261.721680	45.000000	0.387936	0.0177587
sR	263.320703	45.000000	0.386523	0.0177305
sR	264.919751	45.000000	0.38655	0.017731
sR	266.518799	45.000000	0.389484	0.0177897
sR	268.117871	45.000000	0.394762	0.0178952
sR	269.716968	45.000000	0.402083	0.0180417
sR	271.316089	45.000000	0.409471	0.0181894
sR	272.915210	45.000000	0.416451	0.018329
sR	274.514331	45.000000	0.415726	0.0183145
sR	276.113501	45.000000	0.407337	0.0181467
sR	277.712646	45.000000	0.386053	0.0177211
sR	279.311841	45.000000	0.352475	0.0170495
sR	280.911035	45.000000	0.303447	0.0160689
sR	282.510254	45.000000	0.253177	0.0150635
sR	284.109473	45.000000	0.20803	0.0141606
sR	285.708716	45.000000	0.186907	0.0137381
sR	287.307959	45.000000	0.204373	0.0140875
sR	288.907202	45.000000	0.258327	0.0151665
sR	290.506494	45.000000	0.334595	0.0166919
sR	292.105762	45.000000	0.411248	0.018225
sR	293.705078	45.000000	0.478027	0.0195605
sR	295.304370	45.000000	0.533128	0.0206626
sR	296.903687	45.000000	0.572068	0.0214414
sR	298.503027	45.000000	0.597683	0.0219537
sR	300.102368	45.000000	0.613463	0.0222693
sR	301.701709	45.000000	0.62028	0.0224056
sR	303.301074	45.000000	0.621197	0.0224239
sR	304.900439	45.000000	0.613128	0.0222626
sR	306.499805	45.000000	0.598042	0.0219608
sR	308.099194	45.000000	0.575689	0.0215138
sR	309.698584	45.000000	0.549987	0.0209997
sR	311.297998	45.000000	0.512425	0.0202485
sR	312.897388	45.000000	0.46351	0.0192702
sR	314.496802	45.000000	0.412217	0.0182443
sR	316.096216	45.000000	0.35575	0.017115
sR	317.695654	45.000000	0.284925	0.0156985
sR	319.295093	45.000000	0.213192	0.0142638
sR	320.894531	45.000000	0.148254	0.0129651
sR	322.493970	45.000000	0.0913635	0.0118273
sR	324.093408	45.000000	0.0543046	0.0110861
sR	325.692871	45.000000	0.0309256	0.0106185
sR	327.292334	45.000000	0.0417313	0.0108346
sR	328.891797	45.000000	0.0683891	0.0113678
sR	330.491260	45.000000	0.111115	0.0122223
sR	332.090723	45.000000	0.165386	0.0133077
sR	333.690186	45.000000	0.22583	0.0145166
sR	335.289673	45.000000	0.286505	0.0157301
sR	336.889136	45.000000	0.337572	0.0167514
sR	338.488623	45.000000	0.386242	0.0177248
sR	340.088110	45.000000	0.430869	0.0186174
sR	341.687573	45.000000	0.469635	0.0193927
sR	343.287061	45.000000	0.500987	0.0200197
sR	344.886548	45.000000	0.526776	0.0205355
sR	346.486035	45.000000	0.550305	0.0210061
sR	348.085522	45.000000	0.570575	0.0214115
sR	349.684985	45.000000	0.585551	0.021711
sR	351.284473	45.000000	0.59845	0.021969
sR	352.883960	45.000000	0.612416	0.0222483
sR	354.483423	45.000000	0.620559	0.0224112
sR	356.082910	45.000000	0.628908	0.0225782
sR	357.682373	45.000000	0.632666	0.0226533
sR	359.281860	45.000000	0.638726	0.0227745
sR	360.881323	45.000000	0.640152	0.022803
sR	362.480786	45.000000	0.642654	0.0228531
sR	364.080249	45.000000	0.64216	0.0228432
sR	365.679712	45.000000	0.64208	0.0228416
sR	367.279175	45.000000	0.638608	0.0227722
sR	368.878613	45.000000	0.633845	0.0226769
sR	370.478052	45.000000	0.629837	0.0225967
sR	372.077490	45.000000	0.623728	0.0224746
sR	373.676929	45.000000	0.615474	0.0223095
sR	375.276367	45.000000	0.607361	0.0221472
sR	376.875781	45.000000	0.601388	0.0220278
sR	378.475195	45.000000	0.594511	0.0218902
sR	380.074609	45.000000	0.581355	0.0216271
sR	381.673999	45.000000	0.568861	0.0213772
sR	383.273389	45.000000	0.555897	0.0211179
sR	384.872778	45.000000	0.540164	0.0208033
sR	386.472168	45.000000	0.522865	0.0204573
sR	388.071533	45.000000	0.504246	0.0200849
sR	389.670898	45.000000	0.487283	0.0197457
sR	391.270239	45.000000	0.467746	0.0193549
sR	392.869580	45.000000	0.441667	0.0188333
sR	394.468921	45.000000	0.417867	0.0183573
sR	396.068237	45.000000	0.395116	0.0179023
sR	397.667554	45.000000	0.366312	0.0173262
sR	399.266846	45.000000	0.336597	0.0167319
sR	400.866138	45.000000	0.307551	0.016151
sR	402.465405	45.000000	0.278223	0.0155645
sR	404.064673	45.000000	0.245921	0.0149184
sR	405.663916	45.000000	0.211293	0.0142259
sR	407.263159	45.000000	0.182234	0.0136447
sR	408.862378	45.000000	0.152163	0.0130433
sR	410.461572	45.000000	0.122524	0.0124505
sR	412.060791	45.000000	0.096663	0.0119333
sR	413.659961	45.000000	0.0730457	0.0114609
sR	415.259131	45.000000	0.0549012	0.011098
sR	416.858301	45.000000	0.0384305	0.0107686
sR	418.457422	45.000000	0.0242826	0.0104857
sR	420.056592	45.000000	0.0182599	0.0103652
sR	421.655664	45.000000	0.0171064	0.0103421
sR	423.254785	45.000000	0.0209574	0.0104191
sR	424.853857	45.000000	0.03053	0.0106106
sR	426.452930	45.000000	0.0441001	0.010882
sR	428.051953	45.000000	0.0603933	0.0112079
sR	429.650977	45.000000	0.0795888	0.0115918
sR	431.250000	45.000000	0.101485	0.0120297
sR	432.848975	45.000000	0.127573	0.0125515
sR	434.447949	45.000000	0.153639	0.0130728
sR	436.046924	45.000000	0.178951	0.013579
sR	437.645850	45.000000	0.207508	0.0141502
sR	439.244727	45.000000	0.235561	0.0147112
sR	440.843652	45.000000	0.26267	0.0152534
sR	442.442529	45.000000	0.287693	0.0157539
sR	444.041357	45.000000	0.313853	0.0162771
sR	445.640186	45.000000	0.338267	0.0167653
sR	447.239014	45.000000	0.361253	0.0172251
sR	448.837793	45.000000	0.382882	0.0176576
sR	450.436572	45.000000	0.403913	0.0180783
sR	452.035303	45.000000	0.424029	0.0184806
sR	453.634033	45.000000	0.443143	0.0188629
sR	455.232715	45.000000	0.46036	0.0192072
sR	456.831396	45.000000	0.477447	0.0195489
sR	458.430078	45.000000	0.492174	0.0198435
sR	460.028711	45.000000	0.506882	0.0201376
sR	461.627295	45.000000	0.520085	0.0204017
sR	463.225879	45.000000	0.533266	0.0206653
sR	464.824463	45.000000	0.54537	0.0209074
sR	466.422949	45.000000	0.555827	0.0211165
sR	468.021484	45.000000	0.565533	0.0213107
sR	469.619971	45.000000	0.575719	0.0215144
sR	471.218408	45.000000	0.585283	0.0217057
sR	472.816846	45.000000	0.593576	0.0218715
sR	474.415234	45.000000	0.601628	0.0220326
sR	476.013623	45.000000	0.608541	0.0221708
sR	477.611963	45.000000	0.615978	0.0223196
sR	479.210254	45.000000	0.62185	0.022437
sR	480.808545	45.000000	0.628276	0.0225655
sR	482.406836	45.000000	0.633237	0.0226647
sR	484.005029	45.000000	0.637894	0.0227579
sR	485.603271	45.000000	0.642923	0.0228585
sR	487.201416	45.000000	0.647636	0.0229527
sR	488.799561	45.000000	0.6518	0.023036
sR	490.397656	45.000000	0.655586	0.0231117
sR	491.995752	45.000000	0.658617	0.0231723
sR	493.593799	45.000000	0.661204	0.0232241
sR	495.191846	45.000000	0.665066	0.0233013
sR	496.789795	45.000000	0.667151	0.023343
sR	498.387744	45.000000	0.669143	0.0233829
sR	499.985693	45.000000	0.67171	0.0234342
sR	501.583594	45.000000	0.673621	0.0234724
sR	503.181445	45.000000	0.675469	0.0235094
sR	504.779248	45.000000	0.676841	0.0235368
sR	506.377051	45.000000	0.678946	0.0235789
sR	507.974805	45.000000	0.679362	0.0235872
sR	509.572510	45.000000	0.680043	0.0236009
sR	511.170215	45.000000	0.680605	0.0236121
sR	512.767871	45.000000	0.680077	0.0236015
sR	514.365479	45.000000	0.68113	0.0236226
sR	515.963037	45.000000	0.680477	0.0236095
sR	517.560596	45.000000	0.679841	0.0235968
sR	519.158105	45.000000	0.68082	0.0236164
sR	520.755566	45.000000	0.680523	0.0236105
sR	522.353027	45.000000	0.679471	0.0235894
sR	523.950391	45.000000	0.679273	0.0235855
sR	525.547754	45.000000	0.677496	0.0235499
sR	527.145068	45.000000	0.676613	0.0235323
sR	528.742383	45.000000	0.674615	0.0234923
sR	530.339600	45.000000	0.673275	0.0234655
sR	531.936816	45.000000	0.672248	0.023445
sR	533.533984	45.000000	0.671251	0.023425
sR	535.131104	45.000000	0.668814	0.0233763
sR	536.728174	45.000000	0.666445	0.0233289
sR	538.325244	45.000000	0.663828	0.0232766
sR	539.922266	45.000000	0.662954	0.0232591
sR	541.519189	45.000000	0.658595	0.0231719
sR	543.116113	45.000000	0.657266	0.0231453
sR	544.712988	45.000000	0.654792	0.0230958
sR	546.309863	45.000000	0.651801	0.023036
sR	547.906641	45.000000	0.647295	0.0229459
sR	549.503369	45.000000	0.644397	0.0228879
sR	551.100098	45.000000	0.641137	0.0228227
sR	552.696777	45.000000	0.637489	0.0227498
sR	554.293359	45.000000	0.632614	0.0226523
sR	555.889941	45.000000	0.628912	0.0225782
sR	557.486475	45.000000	0.62428	0.0224856
sR	559.082959	45.000000	0.619509	0.0223902
sR	560.679395	45.000000	0.616041	0.0223208
sR	562.275830	45.000000	0.611038	0.0222208
sR	563.872168	45.000000	0.605445	0.0221089
sR	565.468457	45.000000	0.599714	0.0219943
sR	567.064697	45.000000	0.593825	0.0218765
sR	568.660938	45.000000	0.588113	0.0217623
sR	570.257080	45.000000	0.58255	0.021651
sR	571.853223	45.000000	0.576146	0.0215229
sR	573.449268	45.000000	0.569969	0.0213994
sR	575.045313	45.000000	0.563591	0.0212718
sR	576.641260	45.000000	0.557097	0.0211419
sR	578.237207	45.000000	0.549962	0.0209992
sR	579.833057	45.000000	0.542227	0.0208445
sR	581.428857	45.000000	0.535111	0.0207022
sR	583.024658	45.000000	0.528248	0.020565
sR	584.620361	45.000000	0.519158	0.0203832
sR	586.216064	45.000000	0.510675	0.0202135
sR	587.811670	45.000000	0.502526	0.0200505
sR	589.407227	45.000000	0.494273	0.0198855
sR	591.002734	45.000000	0.484881	0.0196976
sR	592.598193	45.000000	0.475709	0.0195142
sR	594.193604	45.000000	0.466396	0.0193279
sR	595.788965	45.000000	0.45695	0.019139
sR	597.384277	45.000000	0.447024	0.0189405
sR	598.979541	45.000000	0.437137	0.0187427
sR	600.574756	45.000000	0.426596	0.0185319
sR	602.169873	45.000000	0.415876	0.0183175
sR	603.764990	45.000000	0.405322	0.0181064
sR	605.360010	45.000000	0.394125	0.0178825
sR	606.954980	45.000000	0.381705	0.0176341
sR	608.549902	45.000000	0.371378	0.0174276
sR	610.144775	45.000000	0.359179	0.0171836
sR	611.739600	45.000000	0.34733	0.0169466
sR	613.334375	45.000000	0.335149	0.016703
sR	614.929053	45.000000	0.322776	0.0164555
sR	616.523730	45.000000	0.310822	0.0162164
sR	618.118311	45.000000	0.298048	0.015961
sR	619.712842	45.000000	0.28555	0.015711
sR	621.307275	45.000000	0.272887	0.0154577
sR	622.901709	45.000000	0.259582	0.0151916
sR	624.496045	45.000000	0.247645	0.0149529
sR	626.090381	45.000000	0.2347	0.014694
sR	627.684570	45.000000	0.221719	0.0144344
sR	629.278760	45.000000	0.21002	0.0142004
sR	630.872900	45.000000	0.19698	0.0139396
sR	632.466943	45.000000	0.184623	0.0136925
sR	634.060938	45.000000	0.173076	0.0134615
sR	635.654883	45.000000	0.161153	0.0132231
sR	637.248730	45.000000	0.148857	0.0129771
sR	638.842529	45.000000	0.137514	0.0127503
sR	640.436279	45.000000	0.12619	0.0125238
sR	642.029980	45.000000	0.115423	0.0123085
sR	643.623584	45.000000	0.105236	0.0121047
sR	645.217139	45.000000	0.0951607	0.0119032
sR	646.810645	45.000000	0.0861937	0.0117239
sR	648.404053	45.000000	0.0770923	0.0115418
sR	649.997412	45.000000	0.0685154	0.0113703
sR	651.590723	45.000000	0.0604865	0.0112097
sR	653.183984	45.000000	0.0533621	0.0110672
sR	654.777148	45.000000	0.0459548	0.0109191
sR	656.370264	45.000000	0.0392862	0.0107857
sR	657.963281	45.000000	0.0348369	0.0106967
sR	659.556250	45.000000	0.0314232	0.0106285
sR	661.149170	45.000000	0.0275147	0.0105503
sR	662.741992	45.000000	0.0236355	0.0104727
sR	664.334766	45.000000	0.0211045	0.0104221
sR	665.927490	45.000000	0.0194356	0.0103887
sR	667.520117	45.000000	0.0181756	0.0103635
sR	669.112695	45.000000	0.0175919	0.0103518
sR	670.705176	45.000000	0.0180861	0.0103617
sR	672.297607	45.000000	0.0192058	0.0103841
sR	673.889990	45.000000	0.0208213	0.0104164
sR	675.482275	45.000000	0.0230899	0.0104618
sR	677.074512	45.000000	0.0260991	0.010522
sR	678.666650	45.000000	0.0297804	0.0105956
sR	680.258740	45.000000	0.0336339	0.0106727
sR	681.850732	45.000000	0.0383881	0.0107678
sR	683.442676	45.000000	0.0440019	0.01088
sR	685.034521	45.000000	0.0498987	0.010998
sR	686.626318	45.000000	0.055755	0.0111151
sR	688.218066	45.000000	0.0625262	0.0112505
sR	689.809717	45.000000	0.0698907	0.0113978
sR	691.401270	45.000000	0.0771418	0.0115428
sR	692.992773	45.000000	0.0853235	0.0117065
sR	694.584229	45.000000	0.0933798	0.0118676
sR	696.175586	45.000000	0.101833	0.0120367
sR	697.766846	45.000000	0.110555	0.0122111
sR	699.358057	45.000000	0.119069	0.0123814
sR	700.949170	45.000000	0.128182	0.0125636
sR	702.540234	45.000000	0.137641	0.0127528
sR	704.131201	45.000000	0.147185	0.0129437
sR	705.722119	45.000000	0.157278	0.0131456
sR	707.312939	45.000000	0.167219	0.0133444
sR	708.903711	45.000000	0.176526	0.0135305
sR	710.494385	45.000000	0.186377	0.0137275
sR	712.084961	45.000000	0.195519	0.0139104
sR	713.675488	45.000000	0.205698	0.014114
sR	715.265918	45.000000	0.215636	0.0143127
sR	716.856299	45.000000	0.224804	0.0144961
sR	718.446582	45.000000	0.23448	0.0146896
sR	720.036768	45.000000	0.245349	0.014907
sR	721.626904	45.000000	0.255076	0.0151015
sR	723.216943	45.000000	0.264547	0.0152909
sR	724.806885	45.000000	0.273356	0.0154671
sR	726.396777	45.000000	0.282992	0.0156598
sR	727.986572	45.000000	0.291994	0.0158399
sR	729.576318	45.000000	0.301129	0.0160226
sR	731.165967	45.000000	0.311239	0.0162248
sR	732.755518	45.000000	0.319963	0.0163993
sR	734.344971	45.000000	0.327943	0.0165589
sR	735.934375	45.000000	0.337843	0.0167569
sR	737.523682	45.000000	0.344763	0.0168953
sR	739.112891	45.000000	0.353018	0.0170604
sR	740.702051	45.000000	0.361825	0.0172365
sR	742.291113	45.000000	0.369961	0.0173992
sR	743.880078	45.000000	0.377535	0.0175507
sR	745.468994	45.000000	0.385769	0.0177154
sR	747.057764	45.000000	0.394608	0.0178922
sR	748.646484	45.000000	0.398992	0.0179798
sR	750.235156	45.000000	0.40638	0.0181276
sR	751.823682	45.000000	0.413116	0.0182623
sR	753.412158	45.000000	0.420362	0.0184072
sR	755.000537	45.000000	0.428618	0.0185724
sR	756.588818	45.000000	0.434365	0.0186873
sR	758.177002	45.000000	0.440956	0.0188191
sR	759.765137	45.000000	0.447112	0.0189422
sR	761.353125	45.000000	0.453937	0.0190787
sR	762.941064	45.000000	0.460267	0.0192053
sR	764.528906	45.000000	0.466305	0.0193261
sR	766.116699	45.000000	0.473331	0.0194666
sR	767.704346	45.000000	0.480201	0.019604
sR	769.291943	45.000000	0.486704	0.0197341
sR	770.879443	45.000000	0.490952	0.019819
sR	772.466846	45.000000	0.496627	0.0199325
sR	774.054150	45.000000	0.501089	0.0200218
sR	775.641357	45.000000	0.50556	0.0201112
sR	777.228467	45.000000	0.512273	0.0202455
sR	778.815527	45.000000	0.517543	0.0203509
sR	780.402441	45.000000	0.521648	0.020433
sR	781.989307	45.000000	0.525437	0.0205087
sR	783.576074	45.000000	0.52952	0.0205904
sR	785.162744	45.000000	0.535623	0.0207125
sR	786.749316	45.000000	0.541651	0.020833
sR	788.335791	45.000000	0.54625	0.020925
sR	789.922168	45.000000	0.550626	0.0210125
sR	791.508447	45.000000	0.553594	0.0210719
sR	793.094629	45.000000	0.558264	0.0211653
sR	794.680762	45.000000	0.560744	0.0212149
sR	796.266748	45.000000	0.565013	0.0213003
sR	797.852637	45.000000	0.569126	0.0213825
sR	799.438477	45.000000	0.572074	0.0214415
sR	801.024170	45.000000	0.575892	0.0215178
sR	802.609814	45.000000	0.580357	0.0216071
sR	804.195313	45.000000	0.58277	0.0216554
sR	805.780762	45.000000	0.585966	0.0217193
sR	807.366064	45.000000	0.589635	0.0217927
sR	808.951318	45.000000	0.593791	0.0218758
sR	810.536426	45.000000	0.598389	0.0219678
sR	812.121484	45.000000	0.601366	0.0220273
sR	813.706396	45.000000	0.602784	0.0220557
sR	815.291211	45.000000	0.604362	0.0220872
sR	816.875977	45.000000	0.608195	0.0221639
sR	818.460596	45.000000	0.611515	0.0222303
sR	820.045117	45.000000	0.614107	0.0222821
sR	821.629590	45.000000	0.618023	0.0223605
sR	823.213867	45.000000	0.620007	0.0224001
sR	824.798145	45.000000	0.622353	0.0224471
sR	826.382227	45.000000	0.625628	0.0225126
sR	827.966211	45.000000	0.629301	0.022586
sR	829.550195	45.000000	0.632885	0.0226577
sR	831.133984	45.000000	0.632827	0.0226565
sR	832.717676	45.000000	0.635571	0.0227114
sR	834.301270	45.000000	0.636369	0.0227274
sR	835.884863	45.000000	0.638399	0.022768
sR	837.468262	45.000000	0.642374	0.0228475
sR	839.051563	45.000000	0.645732	0.0229146
sR	840.634668	45.000000	0.646587	0.0229317
sR	842.217773	45.000000	0.648793	0.0229759
sR	843.800781	45.000000	0.65038	0.0230076
sR	845.383691	45.000000	0.652078	0.0230416
sR	846.966406	45.000000	0.656883	0.0231377
sR	848.549121	45.000000	0.657568	0.0231514
sR	850.131641	45.000000	0.659449	0.023189
sR	851.714063	45.000000	0.659961	0.0231992
sR	853.296484	45.000000	0.663628	0.0232726
sR	854.878711	45.000000	0.666011	0.0233202
sR	856.460840	45.000000	0.665897	0.0233179
sR	858.042773	45.000000	0.667184	0.0233437
sR	859.624707	45.000000	0.664214	0.0232843
sR	861.206543	45.000000	0.66733	0.0233466
sR	862.788184	45.000000	0.669852	0.023397
sR	864.369824	45.000000	0.670716	0.0234143
sR	865.951270	45.000000	0.675089	0.0235018
sR	867.532617	45.000000	0.67846	0.0235692
sR	869.113867	45.000000	0.679571	0.0235914
sR	870.695020	45.000000	0.684065	0.0236813
sR	872.275977	45.000000	0.686251	0.023725
sR	873.856934	45.000000	0.683976	0.0236795
sR	875.437695	45.000000	0.68483	0.0236966
sR	877.018359	45.000000	0.687706	0.0237541
sR	878.599023	45.000000	0.686244	0.0237249
sR	880.179395	45.000000	0.687676	0.0237535
sR	881.759766	45.000000	0.691335	0.0238267
sR	883.340039	45.000000	0.690866	0.0238173
sR	884.920117	45.000000	0.689943	0.0237989
sR	886.500098	45.000000	0.693311	0.0238662
sR	888.079980	45.000000	0.69607	0.0239214
sR	889.659766	45.000000	0.69925	0.023985
sR	891.239453	45.000000	0.699563	0.0239913
sR	892.818945	45.000000	0.696527	0.0239305
sR	894.398438	45.000000	0.696183	0.0239237
sR	895.977734	45.000000	0.698816	0.0239763
sR	897.556934	45.000000	0.704324	0.0240865
sR	899.135938	45.000000	0.705513	0.0241103
sR	900.714941	45.000000	0.703856	0.0240771
sR	902.293750	45.000000	0.705393	0.0241079
sR	903.872461	45.000000	0.706785	0.0241357
sR	905.451074	45.000000	0.706289	0.0241258
sR	907.029590	45.000000	0.706095	0.0241219
sR	908.607910	45.000000	0.70672	0.0241344
sR	910.186133	45.000000	0.708603	0.0241721
sR	911.764258	45.000000	0.707427	0.0241485
sR	913.342285	45.000000	0.7066	0.024132
sR	914.920117	45.000000	0.70983	0.0241966
sR	916.497852	45.000000	0.708638	0.0241728
sR	918.075488	45.000000	0.709383	0.0241877
sR	919.653027	45.000000	0.707553	0.0241511
sR	921.230469	45.000000	0.708834	0.0241767
sR	922.807715	45.000000	0.711972	0.0242394
sR	924.384863	45.000000	0.712085	0.0242417
sR	925.961914	45.000000	0.715126	0.0243025
sR	927.538770	45.000000	0.717254	0.0243451
sR	929.115527	45.000000	0.719979	0.0243996
sR	930.692188	45.000000	0.719334	0.0243867
sR	932.268750	45.000000	0.713926	0.0242785
sR	933.845117	45.000000	0.717901	0.024358
sR	935.421387	45.000000	0.718577	0.0243715
sR	936.997559	45.000000	0.717884	0.0243577
sR	938.573535	45.000000	0.721571	0.0244314
sR	940.149414	45.000000	0.723243	0.0244649
sR	941.725195	45.000000	0.722892	0.0244578
sR	943.300879	45.000000	0.718275	0.0243655
sR	944.876367	45.000000	0.72281	0.0244562
sR	946.451758	45.000000	0.720067	0.0244013
sR	948.027051	45.000000	0.718552	0.024371
sR	949.602148	45.000000	0.717841	0.0243568
sR	951.177148	45.000000	0.726238	0.0245248
sR	952.752051	45.000000	0.726018	0.0245204
sR	954.326758	45.000000	0.723863	0.0244773
sR	955.901367	45.000000	0.724786	0.0244957
sR	957.475879	45.000000	0.723236	0.0244647
sR	959.050195	45.000000	0.722328	0.0244466
sR	960.624512	45.000000	0.722197	0.0244439
sR	962.198535	45.000000	0.72574	0.0245148
sR	963.772559	45.000000	0.726961	0.0245392
sR	965.346387	45.000000	0.72511	0.0245022
sR	966.920020	45.000000	0.726145	0.0245229
sR	968.493652	45.000000	0.727009	0.0245402
sR	970.066992	45.000000	0.731333	0.0246267
sR	971.640332	45.000000	0.72871	0.0245742
sR	973.213477	45.000000	0.727569	0.0245514
sR	974.786523	45.000000	0.729836	0.0245967
sR	976.359473	45.000000	0.728817	0.0245763
sR	977.932227	45.000000	0.729187	0.0245837
sR	979.504785	45.000000	0.731781	0.0246356
sR	981.077344	45.000000	0.733944	0.0246789
sR	982.649707	45.000000	0.733015	0.0246603
sR	984.221875	45.000000	0.731193	0.0246239
sR	985.793945	45.000000	0.734767	0.0246953
sR	987.365918	45.000000	0.735616	0.0247123
sR	988.937793	45.000000	0.733146	0.0246629
sR	990.509375	45.000000	0.732191	0.0246438
sR	992.080957	45.000000	0.735079	0.0247016
sR	993.652344	45.000000	0.734766	0.0246953
sR	995.223633	45.000000	0.733744	0.0246749
sR	996.794727	45.000000	0.73193	0.0246386
sR	998.365723	45.000000	0.734632	0.0246926
sR	999.936523	45.000000	0.732676	0.0246535
sR	1012.422852	45.000000	0.719244	0.0243849
sR	1015.876367	45.000000	0.716774	0.0243355
sR	1019.329297	45.000000	0.718463	0.0243693
sR	1022.781836	45.000000	0.716924	0.0243385
sR	1026.233691	45.000000	0.715184	0.0243037
sR	1029.685059	45.000000	0.717869	0.0243574
sR	1033.135938	45.000000	0.713946	0.0242789
sR	1036.586230	45.000000	0.716702	0.024334
sR	1040.036035	45.000000	0.717483	0.0243497
sR	1043.485352	45.000000	0.718149	0.024363
sR	1046.934082	45.000000	0.71492	0.0242984
sR	1050.382324	45.000000	0.715382	0.0243076
sR	1053.830078	45.000000	0.715645	0.0243129
sR	1057.277344	45.000000	0.714509	0.0242902
sR	1060.724121	45.000000	0.714737	0.0242947
sR	1064.170410	45.000000	0.715522	0.0243104
sR	1067.616113	45.000000	0.712944	0.0242589
sR	1071.061426	45.000000	0.716092	0.0243218
sR	1074.506250	45.000000	0.713879	0.0242776
sR	1077.950586	45.000000	0.711557	0.0242311
sR	1081.394434	45.000000	0.712341	0.0242468
sR	1084.837891	45.000000	0.711118	0.0242224
sR	1088.280762	45.000000	0.713344	0.0242669
sR	1091.723242	45.000000	0.709996	0.0241999
sR	1095.165332	45.000000	0.710021	0.0242004
sR	1098.606836	45.000000	0.708189	0.0241638
sR	1102.047949	45.000000	0.711889	0.0242378
sR	1105.488672	45.000000	0.712696	0.0242539
sR	1108.928906	45.000000	0.708733	0.0241747
sR	1112.368750	45.000000	0.705956	0.0241191
sR	1115.808105	45.000000	0.70496	0.0240992
sR	1119.247070	45.000000	0.705289	0.0241058
sR	1122.685645	45.000000	0.7067	0.024134
sR	1126.123730	45.000000	0.703958	0.0240792
sR	1129.561426	45.000000	0.702057	0.0240411
sR	1132.998730	45.000000	0.701372	0.0240274
sR	1136.435645	45.000000	0.70379	0.0240758
sR	1139.872168	45.000000	0.699344	0.0239869
sR	1143.308203	45.000000	0.696587	0.0239317
sR	1146.743945	45.000000	0.695311	0.0239062
sR	1150.179297	45.000000	0.696872	0.0239374
sR	1153.614258	45.000000	0.695773	0.0239155
sR	1157.048828	45.000000	0.695815	0.0239163
sR	1160.483008	45.000000	0.695409	0.0239082
sR	1163.916797	45.000000	0.695024	0.0239005
sR	1167.350195	45.000000	0.692275	0.0238455
sR	1170.783301	45.000000	0.692071	0.0238414
sR	1174.216016	45.000000	0.690584	0.0238117
sR	1177.648438	45.000000	0.691335	0.0238267
sR	1181.080469	45.000000	0.685885	0.0237177
sR	1184.512109	45.000000	0.686205	0.0237241
sR	1187.943457	45.000000	0.686685	0.0237337
sR	1191.374512	45.000000	0.68443	0.0236886
sR	1194.805176	45.000000	0.68324	0.0236648
sR	1198.235547	45.000000	0.681003	0.0236201
sR	1201.665527	45.000000	0.67772	0.0235544
sR	1205.095215	45.000000	0.674551	0.023491
sR	1208.524609	45.000000	0.677393	0.0235479
sR	1211.953711	45.000000	0.674161	0.0234832
sR	1215.382422	45.000000	0.672959	0.0234592
sR	1218.810938	45.000000	0.672809	0.0234562
sR	1222.239063	45.000000	0.67518	0.0235036
sR	1225.666895	45.000000	0.669635	0.0233927
sR	1229.094531	45.000000	0.667872	0.0233574
sR	1232.521777	45.000000	0.667599	0.023352
sR	1235.948828	45.000000	0.665214	0.0233043
sR	1239.375586	45.000000	0.663647	0.0232729
sR	1242.801953	45.000000	0.662693	0.0232539
sR	1246.228223	45.000000	0.659056	0.0231811
sR	1249.654102	45.000000	0.6569	0.023138
sR	1253.079785	45.000000	0.656689	0.0231338
sR	1256.505176	45.000000	0.656141	0.0231228
sR	1259.930273	45.000000	0.654336	0.0230867
sR	1263.355273	45.000000	0.654154	0.0230831
sR	1266.779883	45.000000	0.650467	0.0230093
sR	1270.204297	45.000000	0.650845	0.0230169
sR	1273.628516	45.000000	0.645343	0.0229069
sR	1277.052441	45.000000	0.643943	0.0228789
sR	1280.476172	45.000000	0.64099	0.0228198
sR	1283.899609	45.000000	0.641788	0.0228358
sR	1287.322949	45.000000	0.636857	0.0227371
sR	1290.745996	45.000000	0.634668	0.0226934
sR	1294.168848	45.000000	0.635434	0.0227087
sR	1297.591504	45.000000	0.633695	0.0226739
sR	1301.013965	45.000000	0.630768	0.0226154
sR	1304.436230	45.000000	0.630468	0.0226094
sR	1307.858301	45.000000	0.628247	0.0225649
sR	1311.280078	45.000000	0.627016	0.0225403
sR	1314.701758	45.000000	0.62373	0.0224746
sR	1318.123340	45.000000	0.622601	0.022452
sR	1321.544629	45.000000	0.618594	0.0223719
sR	1324.965723	45.000000	0.614512	0.0222902
sR	1328.386719	45.000000	0.612679	0.0222536
sR	1331.807520	45.000000	0.613652	0.022273
sR	1335.228223	45.000000	0.611001	0.02222
sR	1338.648730	45.000000	0.60815	0.022163
sR	1342.069043	45.000000	0.602529	0.0220506
sR	1345.489258	45.000000	0.603679	0.0220736
sR	1348.909277	45.000000	0.600914	0.0220183
sR	1352.329199	45.000000	0.597785	0.0219557
sR	1355.749023	45.000000	0.597724	0.0219545
sR	1359.168652	45.000000	0.595341	0.0219068
sR	1362.588184	45.000000	0.58952	0.0217904
sR	1366.007617	45.000000	0.586451	0.021729
sR	1369.426855	45.000000	0.58437	0.0216874
sR	1372.845996	45.000000	0.582361	0.0216472
sR	1376.265039	45.000000	0.58164	0.0216328
sR	1379.684082	45.000000	0.579839	0.0215968
sR	1383.102930	45.000000	0.576822	0.0215364
sR	1386.521680	45.000000	0.575888	0.0215177
sR	1389.940332	45.000000	0.572609	0.0214522
sR	1393.358887	45.000000	0.567738	0.0213548
sR	1396.777344	45.000000	0.567209	0.0213442
sR	1400.195801	45.000000	0.564131	0.0212826
sR	1403.614063	45.000000	0.559055	0.0211811
sR	1407.032324	45.000000	0.560552	0.021211
sR	1410.450586	45.000000	0.556328	0.0211266
sR	1413.868652	45.000000	0.551213	0.0210243
sR	1417.286719	45.000000	0.548443	0.0209689
sR	1420.704785	45.000000	0.546223	0.0209245
sR	1424.122754	45.000000	0.544502	0.02089
sR	1427.540625	45.000000	0.542891	0.0208578
sR	1430.958496	45.000000	0.540532	0.0208106
sR	1434.376367	45.000000	0.53836	0.0207672
sR	1437.794141	45.000000	0.532606	0.0206521
sR	1441.211914	45.000000	0.533033	0.0206607
sR	1444.629688	45.000000	0.531834	0.0206367
sR	1448.047363	45.000000	0.530806	0.0206161
sR	1451.465039	45.000000	0.524778	0.0204956
sR	1454.882813	45.000000	0.52069	0.0204138
sR	1458.300488	45.000000	0.516851	0.020337
sR	1461.718164	45.000000	0.515765	0.0203153
sR	1465.135840	45.000000	0.510012	0.0202002
sR	1468.553516	45.000000	0.507612	0.0201522
sR	1471.971191	45.000000	0.501861	0.0200372
sR	1475.388867	45.000000	0.498495	0.0199699
sR	1478.806543	45.000000	0.494864	0.0198973
sR	1482.224316	45.000000	0.497101	0.019942
sR	1485.642090	45.000000	0.490484	0.0198097
sR	1489.059863	45.000000	0.490819	0.0198164
sR	1492.477734	45.000000	0.487576	0.0197515
sR	1495.895508	45.000000	0.485961	0.0197192
sR	1499.313477	45.000000	0.481478	0.0196296
sR	1502.731445	45.000000	0.478236	0.0195647
sR	1506.149414	45.000000	0.478203	0.0195641
sR	1509.567480	45.000000	0.475388	0.0195078
sR	1512.985547	45.000000	0.467353	0.0193471
sR	1516.403711	45.000000	0.464232	0.0192846
sR	1519.821973	45.000000	0.458507	0.0191701
sR	1523.240234	45.000000	0.452429	0.0190486
sR	1526.658691	45.000000	0.4502	0.019004
sR	1530.077148	45.000000	0.452094	0.0190419
sR	1533.495703	45.000000	0.448601	0.018972
sR	1536.914258	45.000000	0.442726	0.0188545
sR	1540.333008	45.000000	0.440547	0.0188109
sR	1543.751855	45.000000	0.440646	0.0188129
sR	1547.170801	45.000000	0.436023	0.0187205
sR	1550.589844	45.000000	0.430664	0.0186133
sR	1554.008887	45.000000	0.426215	0.0185243
sR	1557.428223	45.000000	0.42676	0.0185352
sR	1560.847559	45.000000	0.417113	0.0183423
sR	1564.266992	45.000000	0.413939	0.0182788
sR	1567.686621	45.000000	0.41214	0.0182428
sR	1571.106348	45.000000	0.409486	0.0181897
sR	1574.526270	45.000000	0.405355	0.0181071
sR	1577.946289	45.000000	0.403379	0.0180676
sR	1581.366406	45.000000	0.397269	0.0179454
sR	1584.786719	45.000000	0.396425	0.0179285
sR	1588.207227	45.000000	0.38993	0.0177986
sR	1591.627832	45.000000	0.387011	0.0177402
sR	1595.048535	45.000000	0.386975	0.0177395
sR	1598.469531	45.000000	0.383458	0.0176692
sR	1601.890625	45.000000	0.38069	0.0176138
sR	1605.311816	45.000000	0.376843	0.0175369
sR	1608.733301	45.000000	0.37356	0.0174712
sR	1612.154883	45.000000	0.369628	0.0173926
sR	1615.576758	45.000000	0.363119	0.0172624
sR	1618.998730	45.000000	0.360351	0.017207
sR	1622.420898	45.000000	0.357469	0.0171494
sR	1625.843262	45.000000	0.355711	0.0171142
sR	1629.265918	45.000000	0.350848	0.017017
sR	1632.688672	45.000000	0.346667	0.0169333
sR	1636.111719	45.000000	0.343132	0.0168626
sR	1639.534961	45.000000	0.339003	0.0167801
sR	1642.958398	45.000000	0.33431	0.0166862
sR	1646.382031	45.000000	0.330887	0.0166177
sR	1649.805859	45.000000	0.329259	0.0165852
sR	1653.230078	45.000000	0.322589	0.0164518
sR	1656.654297	45.000000	0.318191	0.0163638
sR	1660.078906	45.000000	0.315086	0.0163017
sR	1663.503711	45.000000	0.311167	0.0162233
sR	1666.928906	45.000000	0.312223	0.0162445
sR	1670.354102	45.000000	0.305177	0.0161035
sR	1673.779688	45.000000	0.30535	0.016107
sR	1677.205664	45.000000	0.299602	0.015992
sR	1680.631641	45.000000	0.29792	0.0159584
sR	1684.058008	45.000000	0.294621	0.0158924
sR	1687.484766	45.000000	0.292459	0.0158492
sR	1690.911719	45.000000	0.291372	0.0158274
sR	1694.338867	45.000000	0.287054	0.0157411
sR	1697.766406	45.000000	0.287825	0.0157565