ta2o5 reference 022620007 rs
RTmethod[PolRT=89.92, RevsRT=100, WVASE=3.616, HardVer=17.034, Mon Feb 26 11:37:59 2007]
Original[ta2o5_02262007_rs.dat]
nm
sR	245.732520	45.000000	0.412778	0.0182556
sR	247.331348	45.000000	0.410692	0.0182138
sR	248.930176	45.000000	0.409595	0.0181919
sR	250.529053	45.000000	0.406244	0.0181249
sR	252.127954	45.000000	0.405659	0.0181132
sR	253.726855	45.000000	0.402506	0.0180501
sR	255.325781	45.000000	0.399483	0.0179897
sR	256.924731	45.000000	0.397223	0.0179445
sR	258.523706	45.000000	0.394664	0.0178933
sR	260.122681	45.000000	0.391725	0.0178345
sR	261.721680	45.000000	0.387705	0.0177541
sR	263.320703	45.000000	0.387191	0.0177438
sR	264.919751	45.000000	0.385776	0.0177155
sR	266.518799	45.000000	0.390607	0.0178121
sR	268.117871	45.000000	0.393605	0.0178721
sR	269.716968	45.000000	0.404942	0.0180988
sR	271.316089	45.000000	0.410478	0.0182096
sR	272.915210	45.000000	0.416001	0.01832
sR	274.514331	45.000000	0.41711	0.0183422
sR	276.113501	45.000000	0.406359	0.0181272
sR	277.712646	45.000000	0.386928	0.0177386
sR	279.311841	45.000000	0.352173	0.0170435
sR	280.911035	45.000000	0.306258	0.0161252
sR	282.510254	45.000000	0.254494	0.0150899
sR	284.109473	45.000000	0.20762	0.0141524
sR	285.708716	45.000000	0.186583	0.0137317
sR	287.307959	45.000000	0.204365	0.0140873
sR	288.907202	45.000000	0.261223	0.0152245
sR	290.506494	45.000000	0.333287	0.0166657
sR	292.105762	45.000000	0.414153	0.0182831
sR	293.705078	45.000000	0.479346	0.0195869
sR	295.304370	45.000000	0.535182	0.0207036
sR	296.903687	45.000000	0.573014	0.0214603
sR	298.503027	45.000000	0.601888	0.0220378
sR	300.102368	45.000000	0.617946	0.0223589
sR	301.701709	45.000000	0.622573	0.0224515
sR	303.301074	45.000000	0.620644	0.0224129
sR	304.900439	45.000000	0.614275	0.0222855
sR	306.499805	45.000000	0.600534	0.0220107
sR	308.099194	45.000000	0.577787	0.0215557
sR	309.698584	45.000000	0.551972	0.0210394
sR	311.297998	45.000000	0.515224	0.0203045
sR	312.897388	45.000000	0.46951	0.0193902
sR	314.496802	45.000000	0.41706	0.0183412
sR	316.096216	45.000000	0.353009	0.0170602
sR	317.695654	45.000000	0.286102	0.015722
sR	319.295093	45.000000	0.2133	0.014266
sR	320.894531	45.000000	0.149319	0.0129864
sR	322.493970	45.000000	0.0894269	0.0117885
sR	324.093408	45.000000	0.0536131	0.0110723
sR	325.692871	45.000000	0.0324346	0.0106487
sR	327.292334	45.000000	0.0416131	0.0108323
sR	328.891797	45.000000	0.0674793	0.0113496
sR	330.491260	45.000000	0.110727	0.0122145
sR	332.090723	45.000000	0.168166	0.0133633
sR	333.690186	45.000000	0.225993	0.0145199
sR	335.289673	45.000000	0.28579	0.0157158
sR	336.889136	45.000000	0.339558	0.0167912
sR	338.488623	45.000000	0.389687	0.0177937
sR	340.088110	45.000000	0.434761	0.0186952
sR	341.687573	45.000000	0.470043	0.0194009
sR	343.287061	45.000000	0.503819	0.0200764
sR	344.886548	45.000000	0.527538	0.0205508
sR	346.486035	45.000000	0.553039	0.0210608
sR	348.085522	45.000000	0.572672	0.0214534
sR	349.684985	45.000000	0.588976	0.0217795
sR	351.284473	45.000000	0.602931	0.0220586
sR	352.883960	45.000000	0.613425	0.0222685
sR	354.483423	45.000000	0.624708	0.0224942
sR	356.082910	45.000000	0.630158	0.0226032
sR	357.682373	45.000000	0.637122	0.0227424
sR	359.281860	45.000000	0.640947	0.0228189
sR	360.881323	45.000000	0.642419	0.0228484
sR	362.480786	45.000000	0.646228	0.0229246
sR	364.080249	45.000000	0.644271	0.0228854
sR	365.679712	45.000000	0.643681	0.0228736
sR	367.279175	45.000000	0.638755	0.0227751
sR	368.878613	45.000000	0.638709	0.0227742
sR	370.478052	45.000000	0.632175	0.0226435
sR	372.077490	45.000000	0.627499	0.02255
sR	373.676929	45.000000	0.618511	0.0223702
sR	375.276367	45.000000	0.612393	0.0222479
sR	376.875781	45.000000	0.604334	0.0220867
sR	378.475195	45.000000	0.594099	0.021882
sR	380.074609	45.000000	0.585414	0.0217083
sR	381.673999	45.000000	0.571743	0.0214349
sR	383.273389	45.000000	0.559748	0.021195
sR	384.872778	45.000000	0.543269	0.0208654
sR	386.472168	45.000000	0.526478	0.0205296
sR	388.071533	45.000000	0.508236	0.0201647
sR	389.670898	45.000000	0.489407	0.0197881
sR	391.270239	45.000000	0.468827	0.0193765
sR	392.869580	45.000000	0.44416	0.0188832
sR	394.468921	45.000000	0.422825	0.0184565
sR	396.068237	45.000000	0.394792	0.0178958
sR	397.667554	45.000000	0.368607	0.0173721
sR	399.266846	45.000000	0.338583	0.0167717
sR	400.866138	45.000000	0.309772	0.0161954
sR	402.465405	45.000000	0.279929	0.0155986
sR	404.064673	45.000000	0.245537	0.0149107
sR	405.663916	45.000000	0.215101	0.014302
sR	407.263159	45.000000	0.182836	0.0136567
sR	408.862378	45.000000	0.15294	0.0130588
sR	410.461572	45.000000	0.12236	0.0124472
sR	412.060791	45.000000	0.0966078	0.0119322
sR	413.659961	45.000000	0.0737734	0.0114755
sR	415.259131	45.000000	0.0540678	0.0110814
sR	416.858301	45.000000	0.0387919	0.0107758
sR	418.457422	45.000000	0.0245332	0.0104907
sR	420.056592	45.000000	0.0184866	0.0103697
sR	421.655664	45.000000	0.0163562	0.0103271
sR	423.254785	45.000000	0.021759	0.0104352
sR	424.853857	45.000000	0.0312351	0.0106247
sR	426.452930	45.000000	0.0445071	0.0108901
sR	428.051953	45.000000	0.0606655	0.0112133
sR	429.650977	45.000000	0.080552	0.011611
sR	431.250000	45.000000	0.104051	0.012081
sR	432.848975	45.000000	0.128479	0.0125696
sR	434.447949	45.000000	0.155039	0.0131008
sR	436.046924	45.000000	0.181372	0.0136274
sR	437.645850	45.000000	0.209857	0.0141971
sR	439.244727	45.000000	0.237554	0.0147511
sR	440.843652	45.000000	0.264106	0.0152821
sR	442.442529	45.000000	0.291379	0.0158276
sR	444.041357	45.000000	0.316091	0.0163218
sR	445.640186	45.000000	0.341443	0.0168289
sR	447.239014	45.000000	0.36347	0.0172694
sR	448.837793	45.000000	0.386412	0.0177282
sR	450.436572	45.000000	0.407149	0.018143
sR	452.035303	45.000000	0.425677	0.0185135
sR	453.634033	45.000000	0.446136	0.0189227
sR	455.232715	45.000000	0.46368	0.0192736
sR	456.831396	45.000000	0.480085	0.0196017
sR	458.430078	45.000000	0.494382	0.0198876
sR	460.028711	45.000000	0.510298	0.020206
sR	461.627295	45.000000	0.523745	0.0204749
sR	463.225879	45.000000	0.536095	0.0207219
sR	464.824463	45.000000	0.548056	0.0209611
sR	466.422949	45.000000	0.559314	0.0211863
sR	468.021484	45.000000	0.570361	0.0214072
sR	469.619971	45.000000	0.580141	0.0216028
sR	471.218408	45.000000	0.588362	0.0217672
sR	472.816846	45.000000	0.597174	0.0219435
sR	474.415234	45.000000	0.605812	0.0221162
sR	476.013623	45.000000	0.612763	0.0222553
sR	477.611963	45.000000	0.619281	0.0223856
sR	479.210254	45.000000	0.625755	0.0225151
sR	480.808545	45.000000	0.631545	0.0226309
sR	482.406836	45.000000	0.637174	0.0227435
sR	484.005029	45.000000	0.642424	0.0228485
sR	485.603271	45.000000	0.647404	0.0229481
sR	487.201416	45.000000	0.650653	0.0230131
sR	488.799561	45.000000	0.655436	0.0231087
sR	490.397656	45.000000	0.660187	0.0232037
sR	491.995752	45.000000	0.661965	0.0232393
sR	493.593799	45.000000	0.666462	0.0233292
sR	495.191846	45.000000	0.668451	0.023369
sR	496.789795	45.000000	0.671398	0.023428
sR	498.387744	45.000000	0.673784	0.0234757
sR	499.985693	45.000000	0.676042	0.0235208
sR	501.583594	45.000000	0.677784	0.0235557
sR	503.181445	45.000000	0.678644	0.0235729
sR	504.779248	45.000000	0.682168	0.0236434
sR	506.377051	45.000000	0.682294	0.0236459
sR	507.974805	45.000000	0.68436	0.0236872
sR	509.572510	45.000000	0.683703	0.0236741
sR	511.170215	45.000000	0.684716	0.0236943
sR	512.767871	45.000000	0.684237	0.0236847
sR	514.365479	45.000000	0.684915	0.0236983
sR	515.963037	45.000000	0.685292	0.0237058
sR	517.560596	45.000000	0.684898	0.023698
sR	519.158105	45.000000	0.685567	0.0237113
sR	520.755566	45.000000	0.683247	0.0236649
sR	522.353027	45.000000	0.684144	0.0236829
sR	523.950391	45.000000	0.683611	0.0236722
sR	525.547754	45.000000	0.681792	0.0236358
sR	527.145068	45.000000	0.680934	0.0236187
sR	528.742383	45.000000	0.678603	0.0235721
sR	530.339600	45.000000	0.678405	0.0235681
sR	531.936816	45.000000	0.675647	0.0235129
sR	533.533984	45.000000	0.675296	0.0235059
sR	535.131104	45.000000	0.673439	0.0234688
sR	536.728174	45.000000	0.670477	0.0234095
sR	538.325244	45.000000	0.669017	0.0233804
sR	539.922266	45.000000	0.665819	0.0233164
sR	541.519189	45.000000	0.663308	0.0232662
sR	543.116113	45.000000	0.660551	0.023211
sR	544.712988	45.000000	0.658278	0.0231656
sR	546.309863	45.000000	0.656017	0.0231203
sR	547.906641	45.000000	0.651501	0.02303
sR	549.503369	45.000000	0.648178	0.0229636
sR	551.100098	45.000000	0.645171	0.0229034
sR	552.696777	45.000000	0.640288	0.0228058
sR	554.293359	45.000000	0.635291	0.0227058
sR	555.889941	45.000000	0.632815	0.0226563
sR	557.486475	45.000000	0.626815	0.0225363
sR	559.082959	45.000000	0.623963	0.0224793
sR	560.679395	45.000000	0.619837	0.0223967
sR	562.275830	45.000000	0.614417	0.0222883
sR	563.872168	45.000000	0.609335	0.0221867
sR	565.468457	45.000000	0.603018	0.0220604
sR	567.064697	45.000000	0.597521	0.0219504
sR	568.660938	45.000000	0.591199	0.021824
sR	570.257080	45.000000	0.586219	0.0217244
sR	571.853223	45.000000	0.580184	0.0216037
sR	573.449268	45.000000	0.573317	0.0214663
sR	575.045313	45.000000	0.565812	0.0213162
sR	576.641260	45.000000	0.560756	0.0212151
sR	578.237207	45.000000	0.554452	0.021089
sR	579.833057	45.000000	0.544922	0.0208984
sR	581.428857	45.000000	0.539008	0.0207802
sR	583.024658	45.000000	0.531389	0.0206278
sR	584.620361	45.000000	0.52277	0.0204554
sR	586.216064	45.000000	0.513854	0.0202771
sR	587.811670	45.000000	0.506008	0.0201202
sR	589.407227	45.000000	0.497774	0.0199555
sR	591.002734	45.000000	0.487968	0.0197594
sR	592.598193	45.000000	0.478774	0.0195755
sR	594.193604	45.000000	0.469357	0.0193871
sR	595.788965	45.000000	0.459931	0.0191986
sR	597.384277	45.000000	0.449392	0.0189878
sR	598.979541	45.000000	0.439002	0.01878
sR	600.574756	45.000000	0.428981	0.0185796
sR	602.169873	45.000000	0.418946	0.0183789
sR	603.764990	45.000000	0.407838	0.0181568
sR	605.360010	45.000000	0.396241	0.0179248
sR	606.954980	45.000000	0.384897	0.0176979
sR	608.549902	45.000000	0.373186	0.0174637
sR	610.144775	45.000000	0.361313	0.0172263
sR	611.739600	45.000000	0.349501	0.01699
sR	613.334375	45.000000	0.337439	0.0167488
sR	614.929053	45.000000	0.325257	0.0165051
sR	616.523730	45.000000	0.312905	0.0162581
sR	618.118311	45.000000	0.300606	0.0160121
sR	619.712842	45.000000	0.287199	0.015744
sR	621.307275	45.000000	0.274936	0.0154987
sR	622.901709	45.000000	0.261672	0.0152334
sR	624.496045	45.000000	0.248767	0.0149753
sR	626.090381	45.000000	0.236463	0.0147293
sR	627.684570	45.000000	0.223356	0.0144671
sR	629.278760	45.000000	0.211093	0.0142219
sR	630.872900	45.000000	0.198265	0.0139653
sR	632.466943	45.000000	0.186302	0.013726
sR	634.060938	45.000000	0.174067	0.0134813
sR	635.654883	45.000000	0.161597	0.0132319
sR	637.248730	45.000000	0.150388	0.0130078
sR	638.842529	45.000000	0.138553	0.0127711
sR	640.436279	45.000000	0.127414	0.0125483
sR	642.029980	45.000000	0.116485	0.0123297
sR	643.623584	45.000000	0.106163	0.0121233
sR	645.217139	45.000000	0.0961016	0.011922
sR	646.810645	45.000000	0.0870348	0.0117407
sR	648.404053	45.000000	0.0777325	0.0115546
sR	649.997412	45.000000	0.0693349	0.0113867
sR	651.590723	45.000000	0.0612278	0.0112246
sR	653.183984	45.000000	0.0537463	0.0110749
sR	654.777148	45.000000	0.046512	0.0109302
sR	656.370264	45.000000	0.0397314	0.0107946
sR	657.963281	45.000000	0.0355274	0.0107105
sR	659.556250	45.000000	0.0317858	0.0106357
sR	661.149170	45.000000	0.02778	0.0105556
sR	662.741992	45.000000	0.024244	0.0104849
sR	664.334766	45.000000	0.0216783	0.0104336
sR	665.927490	45.000000	0.0198278	0.0103966
sR	667.520117	45.000000	0.0184927	0.0103699
sR	669.112695	45.000000	0.018295	0.0103659
sR	670.705176	45.000000	0.0184525	0.0103691
sR	672.297607	45.000000	0.0195415	0.0103908
sR	673.889990	45.000000	0.0213544	0.0104271
sR	675.482275	45.000000	0.0238674	0.0104773
sR	677.074512	45.000000	0.0269557	0.0105391
sR	678.666650	45.000000	0.0304451	0.0106089
sR	680.258740	45.000000	0.0347988	0.010696
sR	681.850732	45.000000	0.0393499	0.010787
sR	683.442676	45.000000	0.0448709	0.0108974
sR	685.034521	45.000000	0.0503952	0.0110079
sR	686.626318	45.000000	0.0568901	0.0111378
sR	688.218066	45.000000	0.0635043	0.0112701
sR	689.809717	45.000000	0.0709386	0.0114188
sR	691.401270	45.000000	0.0786544	0.0115731
sR	692.992773	45.000000	0.0866059	0.0117321
sR	694.584229	45.000000	0.0949779	0.0118996
sR	696.175586	45.000000	0.103044	0.0120609
sR	697.766846	45.000000	0.111958	0.0122392
sR	699.358057	45.000000	0.12091	0.0124182
sR	700.949170	45.000000	0.129717	0.0125943
sR	702.540234	45.000000	0.139404	0.0127881
sR	704.131201	45.000000	0.148977	0.0129795
sR	705.722119	45.000000	0.159402	0.013188
sR	707.312939	45.000000	0.169226	0.0133845
sR	708.903711	45.000000	0.178398	0.013568
sR	710.494385	45.000000	0.188075	0.0137615
sR	712.084961	45.000000	0.198113	0.0139623
sR	713.675488	45.000000	0.207888	0.0141578
sR	715.265918	45.000000	0.217467	0.0143493
sR	716.856299	45.000000	0.227157	0.0145431
sR	718.446582	45.000000	0.236944	0.0147389
sR	720.036768	45.000000	0.247637	0.0149527
sR	721.626904	45.000000	0.257461	0.0151492
sR	723.216943	45.000000	0.266533	0.0153307
sR	724.806885	45.000000	0.275638	0.0155128
sR	726.396777	45.000000	0.284753	0.0156951
sR	727.986572	45.000000	0.295445	0.0159089
sR	729.576318	45.000000	0.304205	0.0160841
sR	731.165967	45.000000	0.313883	0.0162777
sR	732.755518	45.000000	0.322278	0.0164456
sR	734.344971	45.000000	0.331056	0.0166211
sR	735.934375	45.000000	0.340686	0.0168137
sR	737.523682	45.000000	0.347361	0.0169472
sR	739.112891	45.000000	0.356241	0.0171248
sR	740.702051	45.000000	0.364472	0.0172894
sR	742.291113	45.000000	0.37409	0.0174818
sR	743.880078	45.000000	0.380799	0.017616
sR	745.468994	45.000000	0.389578	0.0177916
sR	747.057764	45.000000	0.397965	0.0179593
sR	748.646484	45.000000	0.402838	0.0180568
sR	750.235156	45.000000	0.410786	0.0182157
sR	751.823682	45.000000	0.416249	0.018325
sR	753.412158	45.000000	0.423863	0.0184773
sR	755.000537	45.000000	0.431937	0.0186387
sR	756.588818	45.000000	0.438236	0.0187647
sR	758.177002	45.000000	0.444544	0.0188909
sR	759.765137	45.000000	0.450937	0.0190187
sR	761.353125	45.000000	0.457155	0.0191431
sR	762.941064	45.000000	0.46295	0.019259
sR	764.528906	45.000000	0.470067	0.0194013
sR	766.116699	45.000000	0.476357	0.0195271
sR	767.704346	45.000000	0.48378	0.0196756
sR	769.291943	45.000000	0.490766	0.0198153
sR	770.879443	45.000000	0.494557	0.0198911
sR	772.466846	45.000000	0.500672	0.0200134
sR	774.054150	45.000000	0.505473	0.0201095
sR	775.641357	45.000000	0.509521	0.0201904
sR	777.228467	45.000000	0.516029	0.0203206
sR	778.815527	45.000000	0.52168	0.0204336
sR	780.402441	45.000000	0.525906	0.0205181
sR	781.989307	45.000000	0.528672	0.0205734
sR	783.576074	45.000000	0.53302	0.0206604
sR	785.162744	45.000000	0.540102	0.020802
sR	786.749316	45.000000	0.54564	0.0209128
sR	788.335791	45.000000	0.549655	0.0209931
sR	789.922168	45.000000	0.553777	0.0210755
sR	791.508447	45.000000	0.558483	0.0211697
sR	793.094629	45.000000	0.562431	0.0212486
sR	794.680762	45.000000	0.56529	0.0213058
sR	796.266748	45.000000	0.569817	0.0213963
sR	797.852637	45.000000	0.573447	0.0214689
sR	799.438477	45.000000	0.576459	0.0215292
sR	801.024170	45.000000	0.581122	0.0216224
sR	802.609814	45.000000	0.584994	0.0216999
sR	804.195313	45.000000	0.587389	0.0217478
sR	805.780762	45.000000	0.589594	0.0217919
sR	807.366064	45.000000	0.59251	0.0218502
sR	808.951318	45.000000	0.597344	0.0219469
sR	810.536426	45.000000	0.602107	0.0220421
sR	812.121484	45.000000	0.606033	0.0221207
sR	813.706396	45.000000	0.607082	0.0221416
sR	815.291211	45.000000	0.608714	0.0221743
sR	816.875977	45.000000	0.612006	0.0222401
sR	818.460596	45.000000	0.615478	0.0223096
sR	820.045117	45.000000	0.618632	0.0223726
sR	821.629590	45.000000	0.622962	0.0224592
sR	823.213867	45.000000	0.624732	0.0224946
sR	824.798145	45.000000	0.627041	0.0225408
sR	826.382227	45.000000	0.630467	0.0226093
sR	827.966211	45.000000	0.633511	0.0226702
sR	829.550195	45.000000	0.636079	0.0227216
sR	831.133984	45.000000	0.637342	0.0227468
sR	832.717676	45.000000	0.639894	0.0227979
sR	834.301270	45.000000	0.642639	0.0228528
sR	835.884863	45.000000	0.642623	0.0228525
sR	837.468262	45.000000	0.647882	0.0229576
sR	839.051563	45.000000	0.648606	0.0229721
sR	840.634668	45.000000	0.649694	0.0229939
sR	842.217773	45.000000	0.652165	0.0230433
sR	843.800781	45.000000	0.653687	0.0230737
sR	845.383691	45.000000	0.65619	0.0231238
sR	846.966406	45.000000	0.660478	0.0232096
sR	848.549121	45.000000	0.661399	0.023228
sR	850.131641	45.000000	0.662747	0.0232549
sR	851.714063	45.000000	0.665199	0.023304
sR	853.296484	45.000000	0.668018	0.0233604
sR	854.878711	45.000000	0.668694	0.0233739
sR	856.460840	45.000000	0.668436	0.0233687
sR	858.042773	45.000000	0.670471	0.0234094
sR	859.624707	45.000000	0.669342	0.0233868
sR	861.206543	45.000000	0.67172	0.0234344
sR	862.788184	45.000000	0.675715	0.0235143
sR	864.369824	45.000000	0.674902	0.023498
sR	865.951270	45.000000	0.679862	0.0235972
sR	867.532617	45.000000	0.682326	0.0236465
sR	869.113867	45.000000	0.68468	0.0236936
sR	870.695020	45.000000	0.6902	0.023804
sR	872.275977	45.000000	0.688991	0.0237798
sR	873.856934	45.000000	0.687241	0.0237448
sR	875.437695	45.000000	0.689784	0.0237957
sR	877.018359	45.000000	0.691991	0.0238398
sR	878.599023	45.000000	0.690859	0.0238172
sR	880.179395	45.000000	0.693007	0.0238601
sR	881.759766	45.000000	0.69597	0.0239194
sR	883.340039	45.000000	0.694547	0.0238909
sR	884.920117	45.000000	0.695667	0.0239133
sR	886.500098	45.000000	0.697605	0.0239521
sR	888.079980	45.000000	0.700629	0.0240126
sR	889.659766	45.000000	0.701502	0.02403
sR	891.239453	45.000000	0.705556	0.0241111
sR	892.818945	45.000000	0.702235	0.0240447
sR	894.398438	45.000000	0.70192	0.0240384
sR	895.977734	45.000000	0.705202	0.024104
sR	897.556934	45.000000	0.707859	0.0241572
sR	899.135938	45.000000	0.708194	0.0241639
sR	900.714941	45.000000	0.707593	0.0241519
sR	902.293750	45.000000	0.70963	0.0241926
sR	903.872461	45.000000	0.709475	0.0241895
sR	905.451074	45.000000	0.709286	0.0241857
sR	907.029590	45.000000	0.711452	0.024229
sR	908.607910	45.000000	0.711088	0.0242218
sR	910.186133	45.000000	0.713026	0.0242605
sR	911.764258	45.000000	0.71219	0.0242438
sR	913.342285	45.000000	0.712727	0.0242545
sR	914.920117	45.000000	0.71473	0.0242946
sR	916.497852	45.000000	0.712758	0.0242552
sR	918.075488	45.000000	0.714605	0.0242921
sR	919.653027	45.000000	0.712263	0.0242453
sR	921.230469	45.000000	0.714759	0.0242952
sR	922.807715	45.000000	0.716183	0.0243237
sR	924.384863	45.000000	0.718544	0.0243709
sR	925.961914	45.000000	0.720362	0.0244072
sR	927.538770	45.000000	0.72217	0.0244434
sR	929.115527	45.000000	0.724681	0.0244936
sR	930.692188	45.000000	0.720714	0.0244143
sR	932.268750	45.000000	0.719965	0.0243993
sR	933.845117	45.000000	0.720254	0.0244051
sR	935.421387	45.000000	0.722787	0.0244557
sR	936.997559	45.000000	0.720119	0.0244024
sR	938.573535	45.000000	0.725283	0.0245057
sR	940.149414	45.000000	0.723437	0.0244687
sR	941.725195	45.000000	0.726656	0.0245331
sR	943.300879	45.000000	0.726816	0.0245363
sR	944.876367	45.000000	0.722852	0.024457
sR	946.451758	45.000000	0.726419	0.0245284
sR	948.027051	45.000000	0.721982	0.0244396
sR	949.602148	45.000000	0.729236	0.0245847
sR	951.177148	45.000000	0.729733	0.0245947
sR	952.752051	45.000000	0.731153	0.0246231
sR	954.326758	45.000000	0.733248	0.024665
sR	955.901367	45.000000	0.729668	0.0245934
sR	957.475879	45.000000	0.729699	0.024594
sR	959.050195	45.000000	0.723922	0.0244784
sR	960.624512	45.000000	0.727626	0.0245525
sR	962.198535	45.000000	0.729728	0.0245946
sR	963.772559	45.000000	0.728476	0.0245695
sR	965.346387	45.000000	0.730276	0.0246055
sR	966.920020	45.000000	0.73036	0.0246072
sR	968.493652	45.000000	0.73307	0.0246614
sR	970.066992	45.000000	0.731889	0.0246378
sR	971.640332	45.000000	0.733062	0.0246612
sR	973.213477	45.000000	0.730344	0.0246069
sR	974.786523	45.000000	0.733488	0.0246698
sR	976.359473	45.000000	0.733358	0.0246672
sR	977.932227	45.000000	0.731901	0.024638
sR	979.504785	45.000000	0.738295	0.0247659
sR	981.077344	45.000000	0.73659	0.0247318
sR	982.649707	45.000000	0.739557	0.0247911
sR	984.221875	45.000000	0.736187	0.0247237
sR	985.793945	45.000000	0.738877	0.0247775
sR	987.365918	45.000000	0.739185	0.0247837
sR	988.937793	45.000000	0.736222	0.0247244
sR	990.509375	45.000000	0.738716	0.0247743
sR	992.080957	45.000000	0.738998	0.02478
sR	993.652344	45.000000	0.739946	0.0247989
sR	995.223633	45.000000	0.737071	0.0247414
sR	996.794727	45.000000	0.738467	0.0247693
sR	998.365723	45.000000	0.739885	0.0247977
sR	999.936523	45.000000	0.736048	0.024721
sR	1012.422852	45.000000	0.722362	0.0244472
sR	1015.876367	45.000000	0.71953	0.0243906
sR	1019.329297	45.000000	0.720797	0.0244159
sR	1022.781836	45.000000	0.7199	0.024398
sR	1026.233691	45.000000	0.718397	0.0243679
sR	1029.685059	45.000000	0.721358	0.0244272
sR	1033.135938	45.000000	0.717647	0.0243529
sR	1036.586230	45.000000	0.720292	0.0244058
sR	1040.036035	45.000000	0.720935	0.0244187
sR	1043.485352	45.000000	0.721241	0.0244248
sR	1046.934082	45.000000	0.717989	0.0243598
sR	1050.382324	45.000000	0.71885	0.024377
sR	1053.830078	45.000000	0.71924	0.0243848
sR	1057.277344	45.000000	0.718089	0.0243618
sR	1060.724121	45.000000	0.717934	0.0243587
sR	1064.170410	45.000000	0.717977	0.0243595
sR	1067.616113	45.000000	0.716395	0.0243279
sR	1071.061426	45.000000	0.719218	0.0243844
sR	1074.506250	45.000000	0.717595	0.0243519
sR	1077.950586	45.000000	0.714692	0.0242938
sR	1081.394434	45.000000	0.716042	0.0243208
sR	1084.837891	45.000000	0.714194	0.0242839
sR	1088.280762	45.000000	0.716415	0.0243283
sR	1091.723242	45.000000	0.713302	0.024266
sR	1095.165332	45.000000	0.713482	0.0242696
sR	1098.606836	45.000000	0.711564	0.0242313
sR	1102.047949	45.000000	0.715801	0.024316
sR	1105.488672	45.000000	0.715568	0.0243114
sR	1108.928906	45.000000	0.712093	0.0242419
sR	1112.368750	45.000000	0.709406	0.0241881
sR	1115.808105	45.000000	0.708222	0.0241644
sR	1119.247070	45.000000	0.708674	0.0241735
sR	1122.685645	45.000000	0.709753	0.0241951
sR	1126.123730	45.000000	0.706645	0.0241329
sR	1129.561426	45.000000	0.705144	0.0241029
sR	1132.998730	45.000000	0.705099	0.024102
sR	1136.435645	45.000000	0.707027	0.0241405
sR	1139.872168	45.000000	0.702886	0.0240577
sR	1143.308203	45.000000	0.700021	0.0240004
sR	1146.743945	45.000000	0.699242	0.0239848
sR	1150.179297	45.000000	0.700271	0.0240054
sR	1153.614258	45.000000	0.699889	0.0239978
sR	1157.048828	45.000000	0.699842	0.0239968
sR	1160.483008	45.000000	0.698339	0.0239668
sR	1163.916797	45.000000	0.698402	0.023968
sR	1167.350195	45.000000	0.696138	0.0239228
sR	1170.783301	45.000000	0.695745	0.0239149
sR	1174.216016	45.000000	0.69403	0.0238806
sR	1177.648438	45.000000	0.694654	0.0238931
sR	1181.080469	45.000000	0.689613	0.0237923
sR	1184.512109	45.000000	0.689895	0.0237979
sR	1187.943457	45.000000	0.689758	0.0237952
sR	1191.374512	45.000000	0.687381	0.0237476
sR	1194.805176	45.000000	0.687701	0.023754
sR	1198.235547	45.000000	0.684321	0.0236864
sR	1201.665527	45.000000	0.681879	0.0236376
sR	1205.095215	45.000000	0.677623	0.0235525
sR	1208.524609	45.000000	0.680574	0.0236115
sR	1211.953711	45.000000	0.67786	0.0235572
sR	1215.382422	45.000000	0.676659	0.0235332
sR	1218.810938	45.000000	0.676059	0.0235212
sR	1222.239063	45.000000	0.678208	0.0235642
sR	1225.666895	45.000000	0.672573	0.0234515
sR	1229.094531	45.000000	0.671701	0.023434
sR	1232.521777	45.000000	0.671054	0.0234211
sR	1235.948828	45.000000	0.669373	0.0233875
sR	1239.375586	45.000000	0.667172	0.0233434
sR	1242.801953	45.000000	0.666184	0.0233237
sR	1246.228223	45.000000	0.66233	0.0232466
sR	1249.654102	45.000000	0.660798	0.023216
sR	1253.079785	45.000000	0.660195	0.0232039
sR	1256.505176	45.000000	0.660726	0.0232145
sR	1259.930273	45.000000	0.658035	0.0231607
sR	1263.355273	45.000000	0.65753	0.0231506
sR	1266.779883	45.000000	0.654176	0.0230835
sR	1270.204297	45.000000	0.654473	0.0230895
sR	1273.628516	45.000000	0.6485	0.02297
sR	1277.052441	45.000000	0.648453	0.0229691
sR	1280.476172	45.000000	0.64465	0.022893
sR	1283.899609	45.000000	0.645069	0.0229014
sR	1287.322949	45.000000	0.640878	0.0228176
sR	1290.745996	45.000000	0.638803	0.0227761
sR	1294.168848	45.000000	0.639162	0.0227832
sR	1297.591504	45.000000	0.63737	0.0227474
sR	1301.013965	45.000000	0.634696	0.0226939
sR	1304.436230	45.000000	0.634608	0.0226922
sR	1307.858301	45.000000	0.632586	0.0226517
sR	1311.280078	45.000000	0.631236	0.0226247
sR	1314.701758	45.000000	0.627876	0.0225575
sR	1318.123340	45.000000	0.62663	0.0225326
sR	1321.544629	45.000000	0.622062	0.0224412
sR	1324.965723	45.000000	0.618553	0.0223711
sR	1328.386719	45.000000	0.616927	0.0223385
sR	1331.807520	45.000000	0.617218	0.0223444
sR	1335.228223	45.000000	0.615196	0.0223039
sR	1338.648730	45.000000	0.612341	0.0222468
sR	1342.069043	45.000000	0.605838	0.0221168
sR	1345.489258	45.000000	0.60762	0.0221524
sR	1348.909277	45.000000	0.60509	0.0221018
sR	1352.329199	45.000000	0.60101	0.0220202
sR	1355.749023	45.000000	0.600798	0.022016
sR	1359.168652	45.000000	0.599338	0.0219868
sR	1362.588184	45.000000	0.593466	0.0218693
sR	1366.007617	45.000000	0.589838	0.0217968
sR	1369.426855	45.000000	0.588138	0.0217628
sR	1372.845996	45.000000	0.587593	0.0217519
sR	1376.265039	45.000000	0.585324	0.0217065
sR	1379.684082	45.000000	0.58401	0.0216802
sR	1383.102930	45.000000	0.58043	0.0216086
sR	1386.521680	45.000000	0.579809	0.0215962
sR	1389.940332	45.000000	0.57629	0.0215258
sR	1393.358887	45.000000	0.571371	0.0214274
sR	1396.777344	45.000000	0.571785	0.0214357
sR	1400.195801	45.000000	0.568191	0.0213638
sR	1403.614063	45.000000	0.56319	0.0212638
sR	1407.032324	45.000000	0.564448	0.021289
sR	1410.450586	45.000000	0.560127	0.0212025
sR	1413.868652	45.000000	0.555499	0.02111
sR	1417.286719	45.000000	0.552146	0.0210429
sR	1420.704785	45.000000	0.550155	0.0210031
sR	1424.122754	45.000000	0.548427	0.0209685
sR	1427.540625	45.000000	0.546256	0.0209251
sR	1430.958496	45.000000	0.544052	0.020881
sR	1434.376367	45.000000	0.54225	0.020845
sR	1437.794141	45.000000	0.536583	0.0207317
sR	1441.211914	45.000000	0.536966	0.0207393
sR	1444.629688	45.000000	0.534857	0.0206971
sR	1448.047363	45.000000	0.534933	0.0206987
sR	1451.465039	45.000000	0.529395	0.0205879
sR	1454.882813	45.000000	0.524394	0.0204879
sR	1458.300488	45.000000	0.520263	0.0204053
sR	1461.718164	45.000000	0.519403	0.0203881
sR	1465.135840	45.000000	0.513351	0.020267
sR	1468.553516	45.000000	0.512224	0.0202445
sR	1471.971191	45.000000	0.506501	0.02013
sR	1475.388867	45.000000	0.502298	0.020046
sR	1478.806543	45.000000	0.499037	0.0199807
sR	1482.224316	45.000000	0.501185	0.0200237
sR	1485.642090	45.000000	0.494233	0.0198847
sR	1489.059863	45.000000	0.494698	0.019894
sR	1492.477734	45.000000	0.491125	0.0198225
sR	1495.895508	45.000000	0.489468	0.0197894
sR	1499.313477	45.000000	0.48532	0.0197064
sR	1502.731445	45.000000	0.481661	0.0196332
sR	1506.149414	45.000000	0.481355	0.0196271
sR	1509.567480	45.000000	0.479141	0.0195828
sR	1512.985547	45.000000	0.470565	0.0194113
sR	1516.403711	45.000000	0.468167	0.0193633
sR	1519.821973	45.000000	0.461836	0.0192367
sR	1523.240234	45.000000	0.455979	0.0191196
sR	1526.658691	45.000000	0.453876	0.0190775
sR	1530.077148	45.000000	0.454634	0.0190927
sR	1533.495703	45.000000	0.452176	0.0190435
sR	1536.914258	45.000000	0.446649	0.018933
sR	1540.333008	45.000000	0.443985	0.0188797
sR	1543.751855	45.000000	0.444222	0.0188844
sR	1547.170801	45.000000	0.439479	0.0187896
sR	1550.589844	45.000000	0.433963	0.0186793
sR	1554.008887	45.000000	0.43004	0.0186008
sR	1557.428223	45.000000	0.430264	0.0186053
sR	1560.847559	45.000000	0.421447	0.0184289
sR	1564.266992	45.000000	0.417623	0.0183525
sR	1567.686621	45.000000	0.415713	0.0183143
sR	1571.106348	45.000000	0.412937	0.0182587
sR	1574.526270	45.000000	0.408682	0.0181736
sR	1577.946289	45.000000	0.406806	0.0181361
sR	1581.366406	45.000000	0.400436	0.0180087
sR	1584.786719	45.000000	0.399998	0.018
sR	1588.207227	45.000000	0.393639	0.0178728
sR	1591.627832	45.000000	0.390665	0.0178133
sR	1595.048535	45.000000	0.390092	0.0178018
sR	1598.469531	45.000000	0.387047	0.0177409
sR	1601.890625	45.000000	0.383619	0.0176724
sR	1605.311816	45.000000	0.380199	0.017604
sR	1608.733301	45.000000	0.376629	0.0175326
sR	1612.154883	45.000000	0.371628	0.0174326
sR	1615.576758	45.000000	0.366392	0.0173278
sR	1618.998730	45.000000	0.362892	0.0172578
sR	1622.420898	45.000000	0.360474	0.0172095
sR	1625.843262	45.000000	0.358879	0.0171776
sR	1629.265918	45.000000	0.353947	0.0170789
sR	1632.688672	45.000000	0.349674	0.0169935
sR	1636.111719	45.000000	0.346145	0.0169229
sR	1639.534961	45.000000	0.341441	0.0168288
sR	1642.958398	45.000000	0.337932	0.0167586
sR	1646.382031	45.000000	0.334256	0.0166851
sR	1649.805859	45.000000	0.331867	0.0166373
sR	1653.230078	45.000000	0.326517	0.0165303
sR	1656.654297	45.000000	0.321665	0.0164333
sR	1660.078906	45.000000	0.317909	0.0163582
sR	1663.503711	45.000000	0.314523	0.0162905
sR	1666.928906	45.000000	0.315517	0.0163103
sR	1670.354102	45.000000	0.309265	0.0161853
sR	1673.779688	45.000000	0.308093	0.0161619
sR	1677.205664	45.000000	0.302149	0.016043
sR	1680.631641	45.000000	0.301584	0.0160317
sR	1684.058008	45.000000	0.295953	0.0159191
sR	1687.484766	45.000000	0.295086	0.0159017
sR	1690.911719	45.000000	0.294833	0.0158967
sR	1694.338867	45.000000	0.286093	0.0157219
sR	1697.766406	45.000000	0.289325	0.0157865