ta2o5 reference 022620007 rp 90 deg
RTmethod[PolRT=-0.08, RevsRT=100, WVASE=3.616, HardVer=17.034, Mon Feb 26 11:41:08 2007]
Original[ta2o5_02262007_rp_90deg.dat]
nm
pR	245.732520	45.000000	0.127964	0.0125593
pR	247.331348	45.000000	0.127362	0.0125472
pR	248.930176	45.000000	0.125299	0.012506
pR	250.529053	45.000000	0.124102	0.012482
pR	252.127954	45.000000	0.121969	0.0124394
pR	253.726855	45.000000	0.120322	0.0124064
pR	255.325781	45.000000	0.118201	0.012364
pR	256.924731	45.000000	0.115794	0.0123159
pR	258.523706	45.000000	0.114725	0.0122945
pR	260.122681	45.000000	0.111314	0.0122263
pR	261.721680	45.000000	0.109802	0.012196
pR	263.320703	45.000000	0.107202	0.012144
pR	264.919751	45.000000	0.108328	0.0121666
pR	266.518799	45.000000	0.109094	0.0121819
pR	268.117871	45.000000	0.114021	0.0122804
pR	269.716968	45.000000	0.119964	0.0123993
pR	271.316089	45.000000	0.127022	0.0125404
pR	272.915210	45.000000	0.13255	0.012651
pR	274.514331	45.000000	0.133089	0.0126618
pR	276.113501	45.000000	0.129682	0.0125936
pR	277.712646	45.000000	0.117006	0.0123401
pR	279.311841	45.000000	0.0970285	0.0119406
pR	280.911035	45.000000	0.0705929	0.0114119
pR	282.510254	45.000000	0.0432524	0.010865
pR	284.109473	45.000000	0.0247783	0.0104956
pR	285.708716	45.000000	0.0125024	0.01025
pR	287.307959	45.000000	0.0275509	0.010551
pR	288.907202	45.000000	0.052878	0.0110576
pR	290.506494	45.000000	0.0982559	0.0119651
pR	292.105762	45.000000	0.149017	0.0129803
pR	293.705078	45.000000	0.202045	0.0140409
pR	295.304370	45.000000	0.246309	0.0149262
pR	296.903687	45.000000	0.284635	0.0156927
pR	298.503027	45.000000	0.313034	0.0162607
pR	300.102368	45.000000	0.331773	0.0166355
pR	301.701709	45.000000	0.343119	0.0168624
pR	303.301074	45.000000	0.343556	0.0168711
pR	304.900439	45.000000	0.341544	0.0168309
pR	306.499805	45.000000	0.329337	0.0165867
pR	308.099194	45.000000	0.313304	0.0162661
pR	309.698584	45.000000	0.291748	0.015835
pR	311.297998	45.000000	0.265567	0.0153113
pR	312.897388	45.000000	0.237294	0.0147459
pR	314.496802	45.000000	0.206249	0.014125
pR	316.096216	45.000000	0.176979	0.0135396
pR	317.695654	45.000000	0.143979	0.0128796
pR	319.295093	45.000000	0.117149	0.012343
pR	320.894531	45.000000	0.0917468	0.0118349
pR	322.493970	45.000000	0.072841	0.0114568
pR	324.093408	45.000000	0.0585963	0.0111719
pR	325.692871	45.000000	0.0515045	0.0110301
pR	327.292334	45.000000	0.0514073	0.0110281
pR	328.891797	45.000000	0.055708	0.0111142
pR	330.491260	45.000000	0.0683454	0.0113669
pR	332.090723	45.000000	0.0827324	0.0116546
pR	333.690186	45.000000	0.104298	0.012086
pR	335.289673	45.000000	0.124653	0.0124931
pR	336.889136	45.000000	0.147974	0.0129595
pR	338.488623	45.000000	0.172211	0.0134442
pR	340.088110	45.000000	0.194649	0.013893
pR	341.687573	45.000000	0.219388	0.0143878
pR	343.287061	45.000000	0.238577	0.0147715
pR	344.886548	45.000000	0.260103	0.0152021
pR	346.486035	45.000000	0.276994	0.0155399
pR	348.085522	45.000000	0.294985	0.0158997
pR	349.684985	45.000000	0.309782	0.0161956
pR	351.284473	45.000000	0.322576	0.0164515
pR	352.883960	45.000000	0.334234	0.0166847
pR	354.483423	45.000000	0.343408	0.0168682
pR	356.082910	45.000000	0.352976	0.0170595
pR	357.682373	45.000000	0.358196	0.0171639
pR	359.281860	45.000000	0.36359	0.0172718
pR	360.881323	45.000000	0.366493	0.0173299
pR	362.480786	45.000000	0.369779	0.0173956
pR	364.080249	45.000000	0.371585	0.0174317
pR	365.679712	45.000000	0.371621	0.0174324
pR	367.279175	45.000000	0.371014	0.0174203
pR	368.878613	45.000000	0.36837	0.0173674
pR	370.478052	45.000000	0.365885	0.0173177
pR	372.077490	45.000000	0.358958	0.0171792
pR	373.676929	45.000000	0.355114	0.0171023
pR	375.276367	45.000000	0.350896	0.0170179
pR	376.875781	45.000000	0.343023	0.0168605
pR	378.475195	45.000000	0.3374	0.016748
pR	380.074609	45.000000	0.328372	0.0165674
pR	381.673999	45.000000	0.321303	0.0164261
pR	383.273389	45.000000	0.309994	0.0161999
pR	384.872778	45.000000	0.301839	0.0160368
pR	386.472168	45.000000	0.291076	0.0158215
pR	388.071533	45.000000	0.279899	0.015598
pR	389.670898	45.000000	0.268823	0.0153765
pR	391.270239	45.000000	0.256486	0.0151297
pR	392.869580	45.000000	0.245197	0.0149039
pR	394.468921	45.000000	0.232397	0.0146479
pR	396.068237	45.000000	0.221046	0.0144209
pR	397.667554	45.000000	0.20772	0.0141544
pR	399.266846	45.000000	0.196741	0.0139348
pR	400.866138	45.000000	0.185539	0.0137108
pR	402.465405	45.000000	0.172768	0.0134554
pR	404.064673	45.000000	0.162135	0.0132427
pR	405.663916	45.000000	0.1513	0.013026
pR	407.263159	45.000000	0.142942	0.0128588
pR	408.862378	45.000000	0.132433	0.0126487
pR	410.461572	45.000000	0.124248	0.012485
pR	412.060791	45.000000	0.116908	0.0123382
pR	413.659961	45.000000	0.110507	0.0122101
pR	415.259131	45.000000	0.10493	0.0120986
pR	416.858301	45.000000	0.100331	0.0120066
pR	418.457422	45.000000	0.0986876	0.0119738
pR	420.056592	45.000000	0.0951757	0.0119035
pR	421.655664	45.000000	0.094518	0.0118904
pR	423.254785	45.000000	0.0939435	0.0118789
pR	424.853857	45.000000	0.0948441	0.0118969
pR	426.452930	45.000000	0.0973082	0.0119462
pR	428.051953	45.000000	0.10043	0.0120086
pR	429.650977	45.000000	0.105167	0.0121033
pR	431.250000	45.000000	0.10966	0.0121932
pR	432.848975	45.000000	0.116125	0.0123225
pR	434.447949	45.000000	0.12202	0.0124404
pR	436.046924	45.000000	0.12981	0.0125962
pR	437.645850	45.000000	0.137853	0.0127571
pR	439.244727	45.000000	0.146513	0.0129303
pR	440.843652	45.000000	0.155475	0.0131095
pR	442.442529	45.000000	0.164121	0.0132824
pR	444.041357	45.000000	0.173853	0.0134771
pR	445.640186	45.000000	0.182786	0.0136557
pR	447.239014	45.000000	0.192697	0.0138539
pR	448.837793	45.000000	0.202717	0.0140543
pR	450.436572	45.000000	0.212237	0.0142447
pR	452.035303	45.000000	0.222118	0.0144424
pR	453.634033	45.000000	0.231589	0.0146318
pR	455.232715	45.000000	0.24143	0.0148286
pR	456.831396	45.000000	0.250705	0.0150141
pR	458.430078	45.000000	0.259939	0.0151988
pR	460.028711	45.000000	0.269181	0.0153836
pR	461.627295	45.000000	0.278063	0.0155613
pR	463.225879	45.000000	0.286777	0.0157355
pR	464.824463	45.000000	0.294866	0.0158973
pR	466.422949	45.000000	0.303331	0.0160666
pR	468.021484	45.000000	0.310654	0.0162131
pR	469.619971	45.000000	0.318525	0.0163705
pR	471.218408	45.000000	0.325095	0.0165019
pR	472.816846	45.000000	0.332644	0.0166529
pR	474.415234	45.000000	0.339348	0.016787
pR	476.013623	45.000000	0.345378	0.0169076
pR	477.611963	45.000000	0.352269	0.0170454
pR	479.210254	45.000000	0.357489	0.0171498
pR	480.808545	45.000000	0.363142	0.0172628
pR	482.406836	45.000000	0.368236	0.0173647
pR	484.005029	45.000000	0.373322	0.0174664
pR	485.603271	45.000000	0.378473	0.0175695
pR	487.201416	45.000000	0.382746	0.0176549
pR	488.799561	45.000000	0.387114	0.0177423
pR	490.397656	45.000000	0.390937	0.0178187
pR	491.995752	45.000000	0.395481	0.0179096
pR	493.593799	45.000000	0.398158	0.0179632
pR	495.191846	45.000000	0.401406	0.0180281
pR	496.789795	45.000000	0.404559	0.0180912
pR	498.387744	45.000000	0.407943	0.0181589
pR	499.985693	45.000000	0.409813	0.0181963
pR	501.583594	45.000000	0.411986	0.0182397
pR	503.181445	45.000000	0.414015	0.0182803
pR	504.779248	45.000000	0.415462	0.0183092
pR	506.377051	45.000000	0.417565	0.0183513
pR	507.974805	45.000000	0.418929	0.0183786
pR	509.572510	45.000000	0.419863	0.0183973
pR	511.170215	45.000000	0.42152	0.0184304
pR	512.767871	45.000000	0.422212	0.0184442
pR	514.365479	45.000000	0.422674	0.0184535
pR	515.963037	45.000000	0.423507	0.0184701
pR	517.560596	45.000000	0.424711	0.0184942
pR	519.158105	45.000000	0.424657	0.0184931
pR	520.755566	45.000000	0.423531	0.0184706
pR	522.353027	45.000000	0.42314	0.0184628
pR	523.950391	45.000000	0.423456	0.0184691
pR	525.547754	45.000000	0.423621	0.0184724
pR	527.145068	45.000000	0.422661	0.0184532
pR	528.742383	45.000000	0.421235	0.0184247
pR	530.339600	45.000000	0.42011	0.0184022
pR	531.936816	45.000000	0.419869	0.0183974
pR	533.533984	45.000000	0.419863	0.0183973
pR	535.131104	45.000000	0.417669	0.0183534
pR	536.728174	45.000000	0.415523	0.0183105
pR	538.325244	45.000000	0.414186	0.0182837
pR	539.922266	45.000000	0.412313	0.0182463
pR	541.519189	45.000000	0.410282	0.0182056
pR	543.116113	45.000000	0.408449	0.018169
pR	544.712988	45.000000	0.406279	0.0181256
pR	546.309863	45.000000	0.403681	0.0180736
pR	547.906641	45.000000	0.401649	0.018033
pR	549.503369	45.000000	0.398465	0.0179693
pR	551.100098	45.000000	0.395834	0.0179167
pR	552.696777	45.000000	0.393467	0.0178693
pR	554.293359	45.000000	0.39064	0.0178128
pR	555.889941	45.000000	0.388309	0.0177662
pR	557.486475	45.000000	0.385215	0.0177043
pR	559.082959	45.000000	0.381921	0.0176384
pR	560.679395	45.000000	0.378479	0.0175696
pR	562.275830	45.000000	0.375757	0.0175151
pR	563.872168	45.000000	0.371753	0.017435
pR	565.468457	45.000000	0.368256	0.0173651
pR	567.064697	45.000000	0.364818	0.0172964
pR	568.660938	45.000000	0.361174	0.0172235
pR	570.257080	45.000000	0.357349	0.017147
pR	571.853223	45.000000	0.352587	0.0170517
pR	573.449268	45.000000	0.34937	0.0169874
pR	575.045313	45.000000	0.345967	0.0169193
pR	576.641260	45.000000	0.342226	0.0168445
pR	578.237207	45.000000	0.338148	0.016763
pR	579.833057	45.000000	0.333697	0.0166739
pR	581.428857	45.000000	0.32979	0.0165958
pR	583.024658	45.000000	0.326106	0.0165221
pR	584.620361	45.000000	0.32225	0.016445
pR	586.216064	45.000000	0.317988	0.0163598
pR	587.811670	45.000000	0.313636	0.0162727
pR	589.407227	45.000000	0.30844	0.0161688
pR	591.002734	45.000000	0.304193	0.0160839
pR	592.598193	45.000000	0.299942	0.0159988
pR	594.193604	45.000000	0.295689	0.0159138
pR	595.788965	45.000000	0.291719	0.0158344
pR	597.384277	45.000000	0.287114	0.0157423
pR	598.979541	45.000000	0.282901	0.015658
pR	600.574756	45.000000	0.278577	0.0155715
pR	602.169873	45.000000	0.274575	0.0154915
pR	603.764990	45.000000	0.269753	0.0153951
pR	605.360010	45.000000	0.26578	0.0153156
pR	606.954980	45.000000	0.261557	0.0152311
pR	608.549902	45.000000	0.256969	0.0151394
pR	610.144775	45.000000	0.252932	0.0150586
pR	611.739600	45.000000	0.249234	0.0149847
pR	613.334375	45.000000	0.245156	0.0149031
pR	614.929053	45.000000	0.241256	0.0148251
pR	616.523730	45.000000	0.237821	0.0147564
pR	618.118311	45.000000	0.232836	0.0146567
pR	619.712842	45.000000	0.229517	0.0145903
pR	621.307275	45.000000	0.225528	0.0145106
pR	622.901709	45.000000	0.222201	0.014444
pR	624.496045	45.000000	0.218555	0.0143711
pR	626.090381	45.000000	0.214805	0.0142961
pR	627.684570	45.000000	0.210601	0.014212
pR	629.278760	45.000000	0.207741	0.0141548
pR	630.872900	45.000000	0.204716	0.0140943
pR	632.466943	45.000000	0.201563	0.0140313
pR	634.060938	45.000000	0.198988	0.0139798
pR	635.654883	45.000000	0.195519	0.0139104
pR	637.248730	45.000000	0.192772	0.0138554
pR	638.842529	45.000000	0.190827	0.0138165
pR	640.436279	45.000000	0.187713	0.0137543
pR	642.029980	45.000000	0.18544	0.0137088
pR	643.623584	45.000000	0.183521	0.0136704
pR	645.217139	45.000000	0.181122	0.0136224
pR	646.810645	45.000000	0.178758	0.0135752
pR	648.404053	45.000000	0.176874	0.0135375
pR	649.997412	45.000000	0.175216	0.0135043
pR	651.590723	45.000000	0.173331	0.0134666
pR	653.183984	45.000000	0.172077	0.0134415
pR	654.777148	45.000000	0.170335	0.0134067
pR	656.370264	45.000000	0.169101	0.013382
pR	657.963281	45.000000	0.167991	0.0133598
pR	659.556250	45.000000	0.16662	0.0133324
pR	661.149170	45.000000	0.16594	0.0133188
pR	662.741992	45.000000	0.165358	0.0133072
pR	664.334766	45.000000	0.16481	0.0132962
pR	665.927490	45.000000	0.164639	0.0132928
pR	667.520117	45.000000	0.16428	0.0132856
pR	669.112695	45.000000	0.163548	0.013271
pR	670.705176	45.000000	0.16352	0.0132704
pR	672.297607	45.000000	0.163781	0.0132756
pR	673.889990	45.000000	0.163919	0.0132784
pR	675.482275	45.000000	0.164386	0.0132877
pR	677.074512	45.000000	0.164785	0.0132957
pR	678.666650	45.000000	0.165282	0.0133056
pR	680.258740	45.000000	0.165533	0.0133107
pR	681.850732	45.000000	0.166505	0.0133301
pR	683.442676	45.000000	0.167058	0.0133412
pR	685.034521	45.000000	0.168015	0.0133603
pR	686.626318	45.000000	0.169292	0.0133858
pR	688.218066	45.000000	0.170684	0.0134137
pR	689.809717	45.000000	0.171562	0.0134312
pR	691.401270	45.000000	0.173101	0.013462
pR	692.992773	45.000000	0.174392	0.0134878
pR	694.584229	45.000000	0.176041	0.0135208
pR	696.175586	45.000000	0.177505	0.0135501
pR	697.766846	45.000000	0.179505	0.0135901
pR	699.358057	45.000000	0.181485	0.0136297
pR	700.949170	45.000000	0.183495	0.0136699
pR	702.540234	45.000000	0.185196	0.0137039
pR	704.131201	45.000000	0.187491	0.0137498
pR	705.722119	45.000000	0.18912	0.0137824
pR	707.312939	45.000000	0.191905	0.0138381
pR	708.903711	45.000000	0.19408	0.0138816
pR	710.494385	45.000000	0.196196	0.0139239
pR	712.084961	45.000000	0.198551	0.013971
pR	713.675488	45.000000	0.201366	0.0140273
pR	715.265918	45.000000	0.203491	0.0140698
pR	716.856299	45.000000	0.205463	0.0141093
pR	718.446582	45.000000	0.207703	0.0141541
pR	720.036768	45.000000	0.210604	0.0142121
pR	721.626904	45.000000	0.212831	0.0142566
pR	723.216943	45.000000	0.216492	0.0143298
pR	724.806885	45.000000	0.219173	0.0143835
pR	726.396777	45.000000	0.222951	0.014459
pR	727.986572	45.000000	0.224971	0.0144994
pR	729.576318	45.000000	0.226653	0.0145331
pR	731.165967	45.000000	0.229906	0.0145981
pR	732.755518	45.000000	0.233056	0.0146611
pR	734.344971	45.000000	0.235754	0.0147151
pR	735.934375	45.000000	0.238367	0.0147673
pR	737.523682	45.000000	0.241285	0.0148257
pR	739.112891	45.000000	0.244451	0.014889
pR	740.702051	45.000000	0.247445	0.0149489
pR	742.291113	45.000000	0.249376	0.0149875
pR	743.880078	45.000000	0.252199	0.015044
pR	745.468994	45.000000	0.255267	0.0151053
pR	747.057764	45.000000	0.258144	0.0151629
pR	748.646484	45.000000	0.261977	0.0152395
pR	750.235156	45.000000	0.264968	0.0152994
pR	751.823682	45.000000	0.266964	0.0153393
pR	753.412158	45.000000	0.270269	0.0154054
pR	755.000537	45.000000	0.273328	0.0154666
pR	756.588818	45.000000	0.275983	0.0155197
pR	758.177002	45.000000	0.277645	0.0155529
pR	759.765137	45.000000	0.281164	0.0156233
pR	761.353125	45.000000	0.285105	0.0157021
pR	762.941064	45.000000	0.288536	0.0157707
pR	764.528906	45.000000	0.291253	0.0158251
pR	766.116699	45.000000	0.294918	0.0158984
pR	767.704346	45.000000	0.297611	0.0159522
pR	769.291943	45.000000	0.299366	0.0159873
pR	770.879443	45.000000	0.301691	0.0160338
pR	772.466846	45.000000	0.305258	0.0161052
pR	774.054150	45.000000	0.308479	0.0161696
pR	775.641357	45.000000	0.311518	0.0162304
pR	777.228467	45.000000	0.314435	0.0162887
pR	778.815527	45.000000	0.317229	0.0163446
pR	780.402441	45.000000	0.319738	0.0163948
pR	781.989307	45.000000	0.322473	0.0164495
pR	783.576074	45.000000	0.323978	0.0164796
pR	785.162744	45.000000	0.326566	0.0165313
pR	786.749316	45.000000	0.329117	0.0165823
pR	788.335791	45.000000	0.331443	0.0166289
pR	789.922168	45.000000	0.334383	0.0166877
pR	791.508447	45.000000	0.337478	0.0167496
pR	793.094629	45.000000	0.339448	0.016789
pR	794.680762	45.000000	0.341835	0.0168367
pR	796.266748	45.000000	0.344229	0.0168846
pR	797.852637	45.000000	0.345862	0.0169172
pR	799.438477	45.000000	0.349556	0.0169911
pR	801.024170	45.000000	0.351444	0.0170289
pR	802.609814	45.000000	0.355044	0.0171009
pR	804.195313	45.000000	0.356323	0.0171265
pR	805.780762	45.000000	0.357597	0.0171519
pR	807.366064	45.000000	0.360937	0.0172187
pR	808.951318	45.000000	0.365132	0.0173026
pR	810.536426	45.000000	0.366503	0.0173301
pR	812.121484	45.000000	0.367126	0.0173425
pR	813.706396	45.000000	0.369182	0.0173836
pR	815.291211	45.000000	0.370827	0.0174165
pR	816.875977	45.000000	0.373966	0.0174793
pR	818.460596	45.000000	0.376016	0.0175203
pR	820.045117	45.000000	0.377813	0.0175563
pR	821.629590	45.000000	0.383443	0.0176689
pR	823.213867	45.000000	0.383443	0.0176689
pR	824.798145	45.000000	0.385081	0.0177016
pR	826.382227	45.000000	0.38782	0.0177564
pR	827.966211	45.000000	0.389823	0.0177965
pR	829.550195	45.000000	0.391573	0.0178315
pR	831.133984	45.000000	0.392435	0.0178487
pR	832.717676	45.000000	0.39452	0.0178904
pR	834.301270	45.000000	0.396157	0.0179231
pR	835.884863	45.000000	0.397459	0.0179492
pR	837.468262	45.000000	0.400026	0.0180005
pR	839.051563	45.000000	0.402099	0.018042
pR	840.634668	45.000000	0.402826	0.0180565
pR	842.217773	45.000000	0.405824	0.0181165
pR	843.800781	45.000000	0.408094	0.0181619
pR	845.383691	45.000000	0.410274	0.0182055
pR	846.966406	45.000000	0.410746	0.0182149
pR	848.549121	45.000000	0.411753	0.0182351
pR	850.131641	45.000000	0.415021	0.0183004
pR	851.714063	45.000000	0.417714	0.0183543
pR	853.296484	45.000000	0.418171	0.0183634
pR	854.878711	45.000000	0.419175	0.0183835
pR	856.460840	45.000000	0.419936	0.0183987
pR	858.042773	45.000000	0.420582	0.0184116
pR	859.624707	45.000000	0.422584	0.0184517
pR	861.206543	45.000000	0.42488	0.0184976
pR	862.788184	45.000000	0.428909	0.0185782
pR	864.369824	45.000000	0.430006	0.0186001
pR	865.951270	45.000000	0.43251	0.0186502
pR	867.532617	45.000000	0.433215	0.0186643
pR	869.113867	45.000000	0.43374	0.0186748
pR	870.695020	45.000000	0.435898	0.018718
pR	872.275977	45.000000	0.436941	0.0187388
pR	873.856934	45.000000	0.437426	0.0187485
pR	875.437695	45.000000	0.440189	0.0188038
pR	877.018359	45.000000	0.440668	0.0188134
pR	878.599023	45.000000	0.441566	0.0188313
pR	880.179395	45.000000	0.441156	0.0188231
pR	881.759766	45.000000	0.442936	0.0188587
pR	883.340039	45.000000	0.44556	0.0189112
pR	884.920117	45.000000	0.446604	0.0189321
pR	886.500098	45.000000	0.446623	0.0189325
pR	888.079980	45.000000	0.446651	0.018933
pR	889.659766	45.000000	0.449768	0.0189954
pR	891.239453	45.000000	0.451234	0.0190247
pR	892.818945	45.000000	0.449607	0.0189922
pR	894.398438	45.000000	0.450873	0.0190175
pR	895.977734	45.000000	0.453168	0.0190634
pR	897.556934	45.000000	0.453333	0.0190667
pR	899.135938	45.000000	0.45516	0.0191032
pR	900.714941	45.000000	0.456086	0.0191217
pR	902.293750	45.000000	0.456586	0.0191317
pR	903.872461	45.000000	0.458991	0.0191798
pR	905.451074	45.000000	0.460303	0.0192061
pR	907.029590	45.000000	0.463015	0.0192603
pR	908.607910	45.000000	0.463389	0.0192678
pR	910.186133	45.000000	0.463783	0.0192757
pR	911.764258	45.000000	0.461885	0.0192377
pR	913.342285	45.000000	0.464178	0.0192836
pR	914.920117	45.000000	0.464828	0.0192966
pR	916.497852	45.000000	0.465406	0.0193081
pR	918.075488	45.000000	0.466412	0.0193282
pR	919.653027	45.000000	0.466606	0.0193321
pR	921.230469	45.000000	0.467791	0.0193558
pR	922.807715	45.000000	0.470613	0.0194123
pR	924.384863	45.000000	0.471811	0.0194362
pR	925.961914	45.000000	0.46932	0.0193864
pR	927.538770	45.000000	0.473667	0.0194733
pR	929.115527	45.000000	0.474825	0.0194965
pR	930.692188	45.000000	0.472853	0.0194571
pR	932.268750	45.000000	0.471319	0.0194264
pR	933.845117	45.000000	0.472691	0.0194538
pR	935.421387	45.000000	0.472041	0.0194408
pR	936.997559	45.000000	0.476169	0.0195234
pR	938.573535	45.000000	0.477044	0.0195409
pR	940.149414	45.000000	0.47684	0.0195368
pR	941.725195	45.000000	0.479759	0.0195952
pR	943.300879	45.000000	0.479793	0.0195959
pR	944.876367	45.000000	0.479485	0.0195897
pR	946.451758	45.000000	0.479321	0.0195864
pR	948.027051	45.000000	0.481725	0.0196345
pR	949.602148	45.000000	0.482637	0.0196527
pR	951.177148	45.000000	0.483004	0.0196601
pR	952.752051	45.000000	0.482403	0.0196481
pR	954.326758	45.000000	0.484637	0.0196927
pR	955.901367	45.000000	0.485832	0.0197166
pR	957.475879	45.000000	0.482364	0.0196473
pR	959.050195	45.000000	0.482203	0.0196441
pR	960.624512	45.000000	0.480591	0.0196118
pR	962.198535	45.000000	0.485506	0.0197101
pR	963.772559	45.000000	0.48591	0.0197182
pR	965.346387	45.000000	0.487197	0.0197439
pR	966.920020	45.000000	0.486607	0.0197321
pR	968.493652	45.000000	0.486347	0.0197269
pR	970.066992	45.000000	0.489515	0.0197903
pR	971.640332	45.000000	0.487999	0.01976
pR	973.213477	45.000000	0.48884	0.0197768
pR	974.786523	45.000000	0.489944	0.0197989
pR	976.359473	45.000000	0.487472	0.0197494
pR	977.932227	45.000000	0.4921	0.019842
pR	979.504785	45.000000	0.491282	0.0198257
pR	981.077344	45.000000	0.491735	0.0198347
pR	982.649707	45.000000	0.491348	0.019827
pR	984.221875	45.000000	0.492352	0.019847
pR	985.793945	45.000000	0.490115	0.0198023
pR	987.365918	45.000000	0.492785	0.0198557
pR	988.937793	45.000000	0.494766	0.0198953
pR	990.509375	45.000000	0.492559	0.0198512
pR	992.080957	45.000000	0.494011	0.0198802
pR	993.652344	45.000000	0.493769	0.0198754
pR	995.223633	45.000000	0.495494	0.0199099
pR	996.794727	45.000000	0.493802	0.019876
pR	998.365723	45.000000	0.495016	0.0199003
pR	999.936523	45.000000	0.495114	0.0199023
pR	1012.422852	45.000000	0.488865	0.0197773
pR	1015.876367	45.000000	0.489508	0.0197902
pR	1019.329297	45.000000	0.490512	0.0198102
pR	1022.781836	45.000000	0.490893	0.0198179
pR	1026.233691	45.000000	0.489026	0.0197805
pR	1029.685059	45.000000	0.489553	0.0197911
pR	1033.135938	45.000000	0.489528	0.0197906
pR	1036.586230	45.000000	0.49022	0.0198044
pR	1040.036035	45.000000	0.492359	0.0198472
pR	1043.485352	45.000000	0.492182	0.0198436
pR	1046.934082	45.000000	0.491868	0.0198374
pR	1050.382324	45.000000	0.490946	0.0198189
pR	1053.830078	45.000000	0.491504	0.0198301
pR	1057.277344	45.000000	0.489018	0.0197804
pR	1060.724121	45.000000	0.49088	0.0198176
pR	1064.170410	45.000000	0.492262	0.0198452
pR	1067.616113	45.000000	0.495941	0.0199188
pR	1071.061426	45.000000	0.494702	0.019894
pR	1074.506250	45.000000	0.500316	0.0200063
pR	1077.950586	45.000000	0.490697	0.0198139
pR	1081.394434	45.000000	0.501177	0.0200235
pR	1084.837891	45.000000	0.491931	0.0198386
pR	1088.280762	45.000000	0.501312	0.0200262
pR	1091.723242	45.000000	0.492079	0.0198416
pR	1095.165332	45.000000	0.505129	0.0201026
pR	1098.606836	45.000000	0.492923	0.0198584
pR	1102.047949	45.000000	0.504747	0.0200949
pR	1105.488672	45.000000	0.493476	0.0198695
pR	1108.928906	45.000000	0.502747	0.0200549
pR	1112.368750	45.000000	0.490954	0.0198191
pR	1115.808105	45.000000	0.502741	0.0200548
pR	1119.247070	45.000000	0.492418	0.0198484
pR	1122.685645	45.000000	0.502943	0.0200589
pR	1126.123730	45.000000	0.495533	0.0199107
pR	1129.561426	45.000000	0.504104	0.0200821
pR	1132.998730	45.000000	0.494811	0.0198962
pR	1136.435645	45.000000	0.502171	0.0200434
pR	1139.872168	45.000000	0.491083	0.0198217
pR	1143.308203	45.000000	0.50026	0.0200052
pR	1146.743945	45.000000	0.494999	0.0199
pR	1150.179297	45.000000	0.501849	0.020037
pR	1153.614258	45.000000	0.494447	0.0198889
pR	1157.048828	45.000000	0.503546	0.0200709
pR	1160.483008	45.000000	0.496113	0.0199223
pR	1163.916797	45.000000	0.500476	0.0200095
pR	1167.350195	45.000000	0.492933	0.0198587
pR	1170.783301	45.000000	0.49816	0.0199632
pR	1174.216016	45.000000	0.492255	0.0198451
pR	1177.648438	45.000000	0.4942	0.019884
pR	1181.080469	45.000000	0.490619	0.0198124
pR	1184.512109	45.000000	0.49551	0.0199102
pR	1187.943457	45.000000	0.495525	0.0199105
pR	1191.374512	45.000000	0.495495	0.0199099
pR	1194.805176	45.000000	0.491585	0.0198317
pR	1198.235547	45.000000	0.495292	0.0199058
pR	1201.665527	45.000000	0.489137	0.0197827
pR	1205.095215	45.000000	0.488653	0.0197731
pR	1208.524609	45.000000	0.485035	0.0197007
pR	1211.953711	45.000000	0.487745	0.0197549
pR	1215.382422	45.000000	0.483547	0.0196709
pR	1218.810938	45.000000	0.486966	0.0197393
pR	1222.239063	45.000000	0.484514	0.0196903
pR	1225.666895	45.000000	0.486788	0.0197358
pR	1229.094531	45.000000	0.483103	0.0196621
pR	1232.521777	45.000000	0.484079	0.0196816
pR	1235.948828	45.000000	0.478502	0.01957
pR	1239.375586	45.000000	0.480896	0.0196179
pR	1242.801953	45.000000	0.475263	0.0195053
pR	1246.228223	45.000000	0.477055	0.0195411
pR	1249.654102	45.000000	0.472756	0.0194551
pR	1253.079785	45.000000	0.4782	0.019564
pR	1256.505176	45.000000	0.474778	0.0194956
pR	1259.930273	45.000000	0.478534	0.0195707
pR	1263.355273	45.000000	0.474386	0.0194877
pR	1266.779883	45.000000	0.474353	0.0194871
pR	1270.204297	45.000000	0.467222	0.0193444
pR	1273.628516	45.000000	0.468673	0.0193735
pR	1277.052441	45.000000	0.463699	0.019274
pR	1280.476172	45.000000	0.463995	0.0192799
pR	1283.899609	45.000000	0.460661	0.0192132
pR	1287.322949	45.000000	0.466075	0.0193215
pR	1290.745996	45.000000	0.460584	0.0192117
pR	1294.168848	45.000000	0.465623	0.0193125
pR	1297.591504	45.000000	0.461601	0.019232
pR	1301.013965	45.000000	0.463582	0.0192716
pR	1304.436230	45.000000	0.457821	0.0191564
pR	1307.858301	45.000000	0.459748	0.019195
pR	1311.280078	45.000000	0.452791	0.0190558
pR	1314.701758	45.000000	0.453485	0.0190697
pR	1318.123340	45.000000	0.447338	0.0189468
pR	1321.544629	45.000000	0.452736	0.0190547
pR	1324.965723	45.000000	0.444653	0.0188931
pR	1328.386719	45.000000	0.448881	0.0189776
pR	1331.807520	45.000000	0.444365	0.0188873
pR	1335.228223	45.000000	0.454467	0.0190893
pR	1338.648730	45.000000	0.443769	0.0188754
pR	1342.069043	45.000000	0.453009	0.0190602
pR	1345.489258	45.000000	0.444331	0.0188866
pR	1348.909277	45.000000	0.449367	0.0189873
pR	1352.329199	45.000000	0.43653	0.0187306
pR	1355.749023	45.000000	0.440329	0.0188066
pR	1359.168652	45.000000	0.427095	0.0185419
pR	1362.588184	45.000000	0.435916	0.0187183
pR	1366.007617	45.000000	0.423466	0.0184693
pR	1369.426855	45.000000	0.433583	0.0186717
pR	1372.845996	45.000000	0.422083	0.0184417
pR	1376.265039	45.000000	0.434402	0.018688
pR	1379.684082	45.000000	0.423953	0.0184791
pR	1383.102930	45.000000	0.43449	0.0186898
pR	1386.521680	45.000000	0.423109	0.0184622
pR	1389.940332	45.000000	0.433155	0.0186631
pR	1393.358887	45.000000	0.418236	0.0183647
pR	1396.777344	45.000000	0.427608	0.0185522
pR	1400.195801	45.000000	0.411476	0.0182295
pR	1403.614063	45.000000	0.423249	0.018465
pR	1407.032324	45.000000	0.408341	0.0181668
pR	1410.450586	45.000000	0.421392	0.0184278
pR	1413.868652	45.000000	0.407058	0.0181412
pR	1417.286719	45.000000	0.419173	0.0183835
pR	1420.704785	45.000000	0.408455	0.0181691
pR	1424.122754	45.000000	0.420823	0.0184165
pR	1427.540625	45.000000	0.408432	0.0181686
pR	1430.958496	45.000000	0.422092	0.0184418
pR	1434.376367	45.000000	0.405798	0.018116
pR	1437.794141	45.000000	0.418602	0.018372
pR	1441.211914	45.000000	0.406177	0.0181235
pR	1444.629688	45.000000	0.415247	0.0183049
pR	1448.047363	45.000000	0.400397	0.0180079
pR	1451.465039	45.000000	0.410714	0.0182143
pR	1454.882813	45.000000	0.39486	0.0178972
pR	1458.300488	45.000000	0.405558	0.0181112
pR	1461.718164	45.000000	0.392618	0.0178524
pR	1465.135840	45.000000	0.402858	0.0180572
pR	1468.553516	45.000000	0.39049	0.0178098
pR	1471.971191	45.000000	0.403352	0.018067
pR	1475.388867	45.000000	0.392841	0.0178568
pR	1478.806543	45.000000	0.400961	0.0180192
pR	1482.224316	45.000000	0.390912	0.0178182
pR	1485.642090	45.000000	0.401269	0.0180254
pR	1489.059863	45.000000	0.388264	0.0177653
pR	1492.477734	45.000000	0.397865	0.0179573
pR	1495.895508	45.000000	0.384099	0.017682
pR	1499.313477	45.000000	0.391767	0.0178353
pR	1502.731445	45.000000	0.379428	0.0175886
pR	1506.149414	45.000000	0.392423	0.0178485
pR	1509.567480	45.000000	0.379153	0.0175831
pR	1512.985547	45.000000	0.388866	0.0177773
pR	1516.403711	45.000000	0.376877	0.0175375
pR	1519.821973	45.000000	0.386323	0.0177265
pR	1523.240234	45.000000	0.378145	0.0175629
pR	1526.658691	45.000000	0.38517	0.0177034
pR	1530.077148	45.000000	0.3786	0.017572
pR	1533.495703	45.000000	0.386952	0.017739
pR	1536.914258	45.000000	0.375978	0.0175196
pR	1540.333008	45.000000	0.385209	0.0177042
pR	1543.751855	45.000000	0.373954	0.0174791
pR	1547.170801	45.000000	0.380758	0.0176152
pR	1550.589844	45.000000	0.369452	0.017389
pR	1554.008887	45.000000	0.375804	0.0175161
pR	1557.428223	45.000000	0.36581	0.0173162
pR	1560.847559	45.000000	0.371266	0.0174253
pR	1564.266992	45.000000	0.362795	0.0172559
pR	1567.686621	45.000000	0.370571	0.0174114
pR	1571.106348	45.000000	0.360572	0.0172114
pR	1574.526270	45.000000	0.364004	0.0172801
pR	1577.946289	45.000000	0.36185	0.017237
pR	1581.366406	45.000000	0.36328	0.0172656
pR	1584.786719	45.000000	0.361915	0.0172383
pR	1588.207227	45.000000	0.364193	0.0172839
pR	1591.627832	45.000000	0.363102	0.017262
pR	1595.048535	45.000000	0.360896	0.0172179
pR	1598.469531	45.000000	0.360186	0.0172037
pR	1601.890625	45.000000	0.358343	0.0171669
pR	1605.311816	45.000000	0.360064	0.0172013
pR	1608.733301	45.000000	0.357769	0.0171554
pR	1612.154883	45.000000	0.35525	0.017105
pR	1615.576758	45.000000	0.348731	0.0169746
pR	1618.998730	45.000000	0.350373	0.0170075
pR	1622.420898	45.000000	0.349632	0.0169926
pR	1625.843262	45.000000	0.34998	0.0169996
pR	1629.265918	45.000000	0.347505	0.0169501
pR	1632.688672	45.000000	0.346085	0.0169217
pR	1636.111719	45.000000	0.34641	0.0169282
pR	1639.534961	45.000000	0.343721	0.0168744
pR	1642.958398	45.000000	0.348783	0.0169757
pR	1646.382031	45.000000	0.349066	0.0169813
pR	1649.805859	45.000000	0.349577	0.0169915
pR	1653.230078	45.000000	0.34824	0.0169648
pR	1656.654297	45.000000	0.347915	0.0169583
pR	1660.078906	45.000000	0.348786	0.0169757
pR	1663.503711	45.000000	0.350888	0.0170178
pR	1666.928906	45.000000	0.345654	0.0169131
pR	1670.354102	45.000000	0.344485	0.0168897
pR	1673.779688	45.000000	0.344798	0.016896
pR	1677.205664	45.000000	0.341438	0.0168288
pR	1680.631641	45.000000	0.34243	0.0168486
pR	1684.058008	45.000000	0.338121	0.0167624
pR	1687.484766	45.000000	0.344669	0.0168934
pR	1690.911719	45.000000	0.338945	0.0167789
pR	1694.338867	45.000000	0.346387	0.0169277
pR	1697.766406	45.000000	0.335158	0.0167032